Restricao 21, 1 novos cliques
    Original (43): 3 1016 1456 1457 1458 1459 1556 1562 1759 2025 2026 2027 2028 2029 2030 2031 2434 2725 3398 3399 3400 3401 3454 3455 3456 4034 5323 5324 5389 5644 5657 5866 5867 5868 6446 6448 6672 6810 6811 7114 7115 7116 7117 
    0 (45): 3 1016 1456 1457 1458 1459 1556 1562 1759 2025 2026 2027 2028 2029 2030 2031 2434 2725 3398 3399 3400 3401 3422 3454 3455 3456 4034 5323 5324 5389 5644 5657 5866 5867 5868 6379 6446 6448 6672 6810 6811 7114 7115 7116 7117 
        domina a restricao RW000022
        domina a restricao RW000023

Restricao 34, 1 novos cliques
    Original (27): 4 670 682 2956 2978 3749 3750 3751 3752 3760 3766 3768 3809 4431 4435 4544 4547 4776 4846 5244 5245 5274 5757 5758 5759 5761 5769 
    0 (34): 4 670 672 674 675 682 683 685 2956 2978 3749 3750 3751 3752 3760 3766 3768 3809 4054 4431 4435 4544 4547 4776 4846 5244 5245 5274 5757 5758 5759 5761 5769 6069 
        domina a restricao RW000035
        domina a restricao RW000036
        domina a restricao RW000037

Restricao 42, 1 novos cliques
    Original (96): 5 127 154 155 166 261 569 570 572 641 642 648 649 666 834 842 846 1392 1393 1394 1423 1524 1525 1527 1732 1740 2569 2581 2589 2602 2640 2641 2642 2643 2660 2661 2662 3741 3959 3960 4047 4048 4049 4151 4152 4153 4542 4549 4550 4570 4681 4688 4712 4713 4882 4883 4884 4891 4965 4970 4973 4974 5046 5047 5048 5049 5050 5674 5675 5710 5711 5712 5731 5880 5949 5950 5951 5958 5959 5960 5961 5962 5963 5969 5974 6233 6713 6725 6726 6728 6729 6894 6895 6906 6907 6936 
    0 (97): 5 127 154 155 166 261 569 570 572 641 642 648 649 666 834 842 846 1392 1393 1394 1423 1524 1525 1527 1732 1740 2439 2569 2581 2589 2602 2640 2641 2642 2643 2660 2661 2662 3741 3959 3960 4047 4048 4049 4151 4152 4153 4542 4549 4550 4570 4681 4688 4712 4713 4882 4883 4884 4891 4965 4970 4973 4974 5046 5047 5048 5049 5050 5674 5675 5710 5711 5712 5731 5880 5949 5950 5951 5958 5959 5960 5961 5962 5963 5969 5974 6233 6713 6725 6726 6728 6729 6894 6895 6906 6907 6936 
        domina a restricao RW000043

Restricao 65, 1 novos cliques
    Original (137): 9 443 444 445 1496 1497 1498 1499 1500 1501 1502 1503 2032 2526 2527 2528 2763 2764 2765 2766 2797 2798 3171 3172 3173 3336 3337 3338 3339 3340 3341 3342 3343 3784 3789 3870 3906 3907 4164 4165 4166 4167 4340 4341 4342 4343 4344 4345 4346 4395 4404 4410 4454 4514 4515 4516 4517 4847 4849 4939 4940 5155 5171 5390 5391 5392 5393 5394 5395 5396 5406 5408 5677 5678 5679 5680 5681 5682 5683 5684 5719 5953 5954 5955 6103 6104 6105 6106 6107 6108 6109 6110 6111 6335 6336 6337 6338 6339 6340 6341 6342 6343 6344 6345 6371 6372 6373 6376 6377 6378 6433 6434 6496 6497 6886 6887 6888 6993 6994 6995 6996 6997 6998 6999 7000 7001 7002 7003 7004 7005 7006 7007 7065 7090 7091 7092 7093 
    0 (152): 9 443 444 445 1496 1497 1498 1499 1500 1501 1502 1503 2032 2526 2527 2528 2536 2763 2764 2765 2766 2797 2798 3171 3172 3173 3336 3337 3338 3339 3340 3341 3342 3343 3784 3789 3870 3906 3907 4164 4165 4166 4167 4203 4340 4341 4342 4343 4344 4345 4346 4395 4404 4410 4454 4514 4515 4516 4517 4847 4849 4939 4940 4941 4942 5155 5171 5390 5391 5392 5393 5394 5395 5396 5406 5408 5608 5609 5613 5614 5677 5678 5679 5680 5681 5682 5683 5684 5719 5948 5953 5954 5955 5968 6103 6104 6105 6106 6107 6108 6109 6110 6111 6335 6336 6337 6338 6339 6340 6341 6342 6343 6344 6345 6371 6372 6373 6376 6377 6378 6433 6434 6496 6497 6886 6887 6888 6993 6994 6995 6996 6997 6998 6999 7000 7001 7002 7003 7004 7005 7006 7007 7019 7020 7021 7022 7023 7065 7090 7091 7092 7093 
        domina a restricao RW000066

Restricao 68, 1 novos cliques
    Original (128): 9 443 444 445 459 460 461 1491 1492 1493 1494 1500 1501 1502 1506 1507 1508 2028 2038 2054 2055 2515 2516 2517 2518 2522 2531 2536 2763 2764 2765 2766 2773 2774 2797 2798 2799 2800 3171 3172 3173 3177 3178 3179 3336 3337 3338 3339 3340 3345 3346 3356 3784 3870 3874 3906 3920 4164 4165 4166 4195 4196 4197 4340 4341 4342 4343 4344 4345 4346 4362 4363 4364 4365 4366 4367 4368 4369 4370 4395 4404 4410 4514 4515 4516 4517 4522 4523 4524 4525 4847 4853 4936 4937 4941 4942 5155 5158 5161 5164 5165 5167 5168 5393 5394 5398 5399 5886 5887 5890 5891 6660 6665 6666 6667 6671 6674 6675 6684 6687 6696 6709 7081 7082 7083 7088 7089 7092 
    0 (156): 9 443 444 445 459 460 461 1491 1492 1493 1494 1500 1501 1502 1503 1506 1507 1508 2028 2029 2038 2054 2055 2515 2516 2517 2518 2519 2520 2521 2522 2523 2524 2525 2527 2528 2531 2536 2763 2764 2765 2766 2773 2774 2797 2798 2799 2800 3171 3172 3173 3177 3178 3179 3336 3337 3338 3339 3340 3345 3346 3356 3784 3870 3874 3906 3907 3920 4164 4165 4166 4167 4195 4196 4197 4340 4341 4342 4343 4344 4345 4346 4362 4363 4364 4365 4366 4367 4368 4369 4370 4395 4404 4410 4454 4456 4514 4515 4516 4517 4522 4523 4524 4525 4847 4853 4936 4937 4941 4942 5155 5158 5161 5164 5165 5167 5168 5393 5394 5395 5396 5398 5399 5400 5885 5886 5887 5888 5890 5891 5892 6660 6665 6666 6667 6668 6669 6671 6674 6675 6676 6677 6678 6684 6685 6686 6687 6696 6709 7081 7082 7083 7088 7089 7092 7093 
        domina a restricao RW000069

Restricao 69, 1 novos cliques
    Original (123): 9 443 444 445 459 460 461 1491 1492 1493 1494 1500 1501 1502 1506 1507 1508 2028 2038 2054 2055 2515 2516 2517 2518 2522 2763 2764 2765 2766 2773 2774 2797 2798 2799 2800 3171 3172 3173 3177 3178 3179 3336 3337 3338 3339 3340 3345 3346 3356 3784 3870 3874 3906 3920 4164 4165 4166 4195 4196 4197 4340 4341 4342 4343 4344 4345 4346 4362 4363 4364 4365 4366 4367 4368 4369 4370 4395 4404 4410 4514 4515 4516 4517 4522 4523 4524 4525 4847 4853 4936 4937 4941 4942 5155 5158 5161 5162 5163 5393 5394 5398 5399 5886 5887 5890 5891 6660 6665 6666 6667 6671 6674 6675 6684 6687 6696 7081 7082 7083 7088 7089 7092 
    0 (159): 9 443 444 445 459 460 461 1491 1492 1493 1494 1500 1501 1502 1503 1506 1507 1508 2028 2029 2038 2054 2055 2515 2516 2517 2518 2519 2520 2521 2522 2523 2524 2525 2527 2528 2763 2764 2765 2766 2773 2774 2797 2798 2799 2800 3171 3172 3173 3177 3178 3179 3336 3337 3338 3339 3340 3345 3346 3356 3784 3870 3874 3906 3907 3920 4164 4165 4166 4167 4195 4196 4197 4340 4341 4342 4343 4344 4345 4346 4362 4363 4364 4365 4366 4367 4368 4369 4370 4395 4404 4410 4454 4456 4514 4515 4516 4517 4522 4523 4524 4525 4847 4853 4936 4937 4941 4942 5155 5158 5161 5162 5163 5393 5394 5395 5396 5398 5399 5400 5867 5870 5885 5886 5887 5888 5890 5891 5892 6288 6660 6665 6666 6667 6668 6669 6671 6674 6675 6676 6677 6678 6684 6685 6686 6687 6695 6696 6703 6704 6707 6708 7081 7082 7083 7088 7089 7092 7093 
        domina a restricao RW000070

Restricao 71, 1 novos cliques
    Original (74): 9 459 463 464 465 466 467 468 1488 1492 1496 1503 1505 2045 2046 2047 2048 2054 2055 2516 2519 2523 2824 2828 2961 2970 2971 2972 2973 2997 3007 3218 3219 3564 3566 3575 3580 3585 3762 3763 3771 3773 3803 3806 4041 4767 4771 4778 4783 6199 6202 6207 6222 6226 6227 6228 6229 6230 6238 6244 6250 6251 6380 6382 6390 6666 6667 6669 6674 6676 6692 6701 6703 6707 
    0 (82): 9 459 463 464 465 466 467 468 1488 1492 1496 1503 1505 2045 2046 2047 2048 2051 2054 2055 2516 2519 2523 2824 2828 2961 2970 2971 2972 2973 2997 3007 3218 3219 3564 3566 3575 3580 3585 3762 3763 3771 3773 3803 3806 4041 4767 4771 4778 4783 6199 6202 6207 6218 6219 6220 6221 6222 6226 6227 6228 6229 6230 6236 6237 6238 6244 6245 6250 6251 6380 6382 6390 6666 6667 6669 6674 6676 6692 6701 6703 6707 
        domina a restricao RW000072

Restricao 73, 1 novos cliques
    Original (160): 10 709 710 711 712 903 904 905 906 907 908 909 910 911 912 913 914 915 916 917 918 919 920 921 922 923 924 988 989 999 1001 1004 1080 1081 1082 1083 1622 1623 1624 1625 1626 1664 1665 1666 1667 1668 1669 2336 2337 2338 2339 2340 2341 2396 3402 3403 3404 3405 3406 3407 3470 3472 3551 3552 3553 3563 3564 3565 3566 3567 3568 3569 3570 3615 3616 3617 3618 3619 3620 4011 4012 4013 4019 4020 4329 4330 4331 4332 4333 4593 4661 4662 4899 4936 4937 4938 5449 5479 5480 5481 5482 5483 5484 5541 5542 5543 5785 5847 6094 6095 6096 6097 6098 6099 6100 6158 6164 6325 6326 6327 6328 6329 6330 6331 6332 6333 6334 6369 6370 6374 6375 6610 6611 6612 6657 6673 6674 6675 6676 6677 6678 6911 6977 6978 6979 6980 6981 6982 6983 6984 6985 6986 6987 6988 6989 6990 6991 6992 7050 7064 
    0 (164): 10 709 710 711 712 903 904 905 906 907 908 909 910 911 912 913 914 915 916 917 918 919 920 921 922 923 924 988 989 999 1001 1004 1006 1080 1081 1082 1083 1622 1623 1624 1625 1626 1664 1665 1666 1667 1668 1669 2336 2337 2338 2339 2340 2341 2396 3402 3403 3404 3405 3406 3407 3470 3472 3551 3552 3553 3563 3564 3565 3566 3567 3568 3569 3570 3587 3615 3616 3617 3618 3619 3620 4011 4012 4013 4019 4020 4329 4330 4331 4332 4333 4593 4661 4662 4899 4936 4937 4938 5449 5479 5480 5481 5482 5483 5484 5541 5542 5543 5785 5847 6094 6095 6096 6097 6098 6099 6100 6158 6164 6166 6325 6326 6327 6328 6329 6330 6331 6332 6333 6334 6369 6370 6374 6375 6610 6611 6612 6620 6657 6673 6674 6675 6676 6677 6678 6911 6977 6978 6979 6980 6981 6982 6983 6984 6985 6986 6987 6988 6989 6990 6991 6992 7050 7064 
        domina a restricao RW000074

Restricao 86, 1 novos cliques
    Original (345): 12 71 88 89 90 91 92 93 94 119 120 121 578 579 580 581 582 583 584 585 586 633 634 636 638 640 643 645 650 656 658 660 750 805 806 807 816 928 929 930 931 932 933 934 935 936 937 990 991 992 1010 1460 1461 1462 1481 1484 1487 1627 1628 1629 1638 1640 1646 1647 1650 1653 1656 1658 1660 1662 1886 1887 1936 1939 1941 1942 1944 1945 1951 1953 1956 1957 1958 1963 1969 1971 1973 2006 2007 2015 2017 2019 2021 2061 2062 2063 2064 2075 2088 2453 2544 2545 2546 2547 2548 2549 2550 2551 2552 2553 2618 2619 2620 2621 2623 2628 2632 2652 2653 2663 2670 2679 2859 2860 2861 2862 2863 2864 2865 2866 2867 2868 2869 2870 2871 2872 2873 2874 2875 2915 2923 2924 2925 2927 2931 2940 2944 2945 2948 2953 2961 2992 3001 3013 3014 3015 3016 3026 3027 3028 3030 3256 3257 3269 3271 3344 3345 3346 3347 3348 3349 3350 3351 3364 3365 3366 3367 3368 3497 3536 3543 3546 3550 3621 3622 3623 3624 3625 3626 3627 3651 3652 3656 3657 3658 3659 3660 3661 3662 3666 3674 3677 3678 3845 3846 3855 3856 3862 3863 3908 3909 3910 3911 3932 3993 3994 4168 4169 4170 4171 4172 4173 4174 4175 4176 4177 4178 4179 4180 4181 4182 4183 4184 4185 4186 4187 4188 4189 4190 4191 4192 4193 4194 4211 4214 4216 4217 4218 4219 4222 4223 4224 4225 4347 4348 4349 4350 4351 4413 4414 4427 4644 4645 4646 4658 4666 4667 4668 4669 4670 4671 4672 4673 4674 4675 4676 4677 4678 4679 4680 4768 4769 4791 5339 5340 5341 5356 5485 5486 5487 5488 5489 5490 5508 5518 5521 5645 5646 5647 5658 5786 5787 5788 5792 5793 5794 5882 5883 5884 5885 5886 5887 5888 5889 5913 5914 5922 5923 5925 5927 5990 5991 5992 6022 6023 6032 6041 6043 6067 6068 6286 6289 6290 6435 6533 6534 6603 6731 6855 6856 6857 6862 6866 6868 6904 
    0 (358): 12 71 88 89 90 91 92 93 94 119 120 121 578 579 580 581 582 583 584 585 586 633 634 636 638 640 643 645 650 656 658 660 750 805 806 807 816 928 929 930 931 932 933 934 935 936 937 990 991 992 1010 1460 1461 1462 1481 1484 1487 1627 1628 1629 1638 1640 1646 1647 1650 1653 1656 1658 1660 1662 1886 1887 1936 1939 1941 1942 1944 1945 1951 1953 1956 1957 1958 1963 1969 1971 1973 2006 2007 2015 2017 2019 2021 2061 2062 2063 2064 2075 2088 2453 2544 2545 2546 2547 2548 2549 2550 2551 2552 2553 2608 2616 2618 2619 2620 2621 2623 2628 2632 2652 2653 2663 2670 2679 2859 2860 2861 2862 2863 2864 2865 2866 2867 2868 2869 2870 2871 2872 2873 2874 2875 2915 2923 2924 2925 2927 2931 2940 2944 2945 2948 2953 2961 2992 3001 3013 3014 3015 3016 3026 3027 3028 3030 3256 3257 3269 3271 3344 3345 3346 3347 3348 3349 3350 3351 3364 3365 3366 3367 3368 3497 3536 3537 3543 3546 3550 3621 3622 3623 3624 3625 3626 3627 3651 3652 3656 3657 3658 3659 3660 3661 3662 3666 3674 3677 3678 3845 3846 3855 3856 3862 3863 3908 3909 3910 3911 3926 3932 3935 3936 3937 3938 3939 3993 3994 4168 4169 4170 4171 4172 4173 4174 4175 4176 4177 4178 4179 4180 4181 4182 4183 4184 4185 4186 4187 4188 4189 4190 4191 4192 4193 4194 4211 4214 4216 4217 4218 4219 4222 4223 4224 4225 4347 4348 4349 4350 4351 4413 4414 4427 4644 4645 4646 4658 4666 4667 4668 4669 4670 4671 4672 4673 4674 4675 4676 4677 4678 4679 4680 4768 4769 4791 5339 5340 5341 5356 5485 5486 5487 5488 5489 5490 5508 5518 5521 5645 5646 5647 5658 5786 5787 5788 5792 5793 5794 5882 5883 5884 5885 5886 5887 5888 5889 5913 5914 5922 5923 5925 5927 5990 5991 5992 6022 6023 6032 6041 6043 6067 6068 6286 6289 6290 6435 6533 6534 6603 6731 6855 6856 6857 6859 6861 6862 6864 6865 6866 6868 6904 
        domina a restricao RW000087

Restricao 93, 1 novos cliques
    Original (263): 12 709 712 713 714 717 720 730 911 912 913 919 920 941 950 955 964 969 970 971 976 977 978 979 980 1002 1003 1004 1081 1082 1084 1088 1089 1090 1632 1642 1644 1645 1646 1647 1654 1657 1659 1660 1661 1662 1667 1676 1695 2338 2355 2356 2362 2366 2367 2372 2373 2375 2377 2416 2417 2435 2436 2440 2444 2445 2446 2447 2448 2452 2453 2546 2547 2567 2568 2572 2573 2574 2575 2584 2585 2594 2600 2603 2604 2605 2624 2633 2634 2647 2665 2765 2769 2774 2785 2788 2797 2799 2803 2804 2805 2806 2811 2812 2877 2880 2881 2882 2883 2884 2920 2921 2922 2923 2934 2935 2936 2937 3404 3406 3414 3415 3418 3422 3423 3436 3442 3447 3450 3461 3464 3467 3468 3469 3470 3551 3556 3569 3570 3573 3574 3578 3579 3586 3588 3595 3596 3599 3600 3613 3622 3653 3667 3671 3676 3677 3842 3847 3868 3906 3908 3909 3912 3913 3914 3920 3929 3935 3965 3966 3967 3969 3971 3973 3989 4001 4002 4165 4171 4178 4179 4180 4196 4204 4205 4206 4214 4216 4217 4223 4224 4345 4350 4360 4361 4369 4373 4375 4376 4397 4398 4411 4412 4645 4646 4647 4648 4649 4650 4655 4668 4671 4672 4788 5341 5342 5343 5483 5484 5486 5493 5494 5645 5648 5650 5652 5658 5659 5782 5783 5789 5792 5794 5883 5891 5892 5893 5894 5906 5912 5919 5922 5923 5988 5989 6035 6048 6288 6291 6433 6434 6436 6439 6440 6444 6523 6524 6528 6541 6542 6543 6858 6888 
    0 (297): 12 709 712 713 714 717 719 720 730 911 912 913 919 920 941 950 955 964 969 970 971 976 977 978 979 980 1002 1003 1004 1081 1082 1084 1088 1089 1090 1632 1642 1644 1645 1646 1647 1654 1657 1659 1660 1661 1662 1667 1676 1681 1682 1695 2338 2355 2356 2362 2366 2367 2372 2373 2375 2377 2416 2417 2435 2436 2440 2444 2445 2446 2447 2448 2452 2453 2546 2547 2567 2568 2572 2573 2574 2575 2584 2585 2594 2600 2603 2604 2605 2624 2633 2634 2647 2665 2765 2769 2774 2785 2788 2797 2799 2803 2804 2805 2806 2811 2812 2877 2880 2881 2882 2883 2884 2894 2899 2900 2901 2920 2921 2922 2923 2934 2935 2936 2937 3404 3406 3414 3415 3418 3420 3422 3423 3436 3442 3447 3450 3461 3464 3467 3468 3469 3470 3551 3556 3569 3570 3573 3574 3578 3579 3586 3588 3595 3596 3599 3600 3613 3622 3653 3667 3671 3676 3677 3842 3847 3868 3906 3908 3909 3912 3913 3914 3920 3929 3935 3965 3966 3967 3969 3971 3973 3989 4000 4001 4002 4165 4169 4170 4171 4176 4177 4178 4179 4180 4196 4204 4205 4206 4214 4216 4217 4223 4224 4345 4350 4360 4361 4369 4373 4375 4376 4388 4389 4390 4391 4392 4393 4394 4397 4398 4411 4412 4423 4426 4645 4646 4647 4648 4649 4650 4655 4668 4671 4672 4777 4783 4784 4788 5341 5342 5343 5346 5351 5352 5483 5484 5486 5493 5494 5644 5645 5648 5650 5652 5658 5659 5782 5783 5789 5792 5794 5858 5883 5891 5892 5893 5894 5906 5912 5919 5922 5923 5988 5989 6009 6010 6035 6048 6288 6291 6433 6434 6436 6439 6440 6444 6523 6524 6528 6541 6542 6543 6731 6858 6859 6888 
        domina a restricao RW000094

Restricao 102, 1 novos cliques
    Original (140): 14 446 447 448 449 489 490 493 494 500 503 505 508 514 515 516 517 518 519 520 521 545 546 547 730 1529 1530 1531 1532 1533 1534 1583 1584 1585 1586 1587 1588 1589 1590 1593 1594 1598 1607 1613 1617 1719 1728 1767 2033 2034 2035 2036 2037 2038 2055 2057 2059 2767 2768 2769 2770 2771 2772 2781 2784 2787 2788 2790 3078 3080 3219 3220 3498 3499 3501 3919 3933 3938 3942 4010 4073 4093 4095 4472 4473 4474 4486 4489 4490 4491 4493 4503 4509 4510 4766 4814 4815 4816 4817 4818 4834 4839 4841 4845 5450 5456 5509 5515 5522 5648 5878 5879 6465 6739 6777 6778 6779 6912 6922 6923 6937 6938 6939 6955 6960 6962 6963 6965 6975 7152 7156 7158 7161 7164 7169 7170 7172 7183 7184 7194 
    0 (153): 14 446 447 448 449 489 490 493 494 500 503 505 508 514 515 516 517 518 519 520 521 545 546 547 730 1529 1530 1531 1532 1533 1534 1583 1584 1585 1586 1587 1588 1589 1590 1593 1594 1598 1607 1613 1617 1719 1728 1767 2033 2034 2035 2036 2037 2038 2055 2057 2059 2767 2768 2769 2770 2771 2772 2781 2784 2787 2788 2790 3078 3080 3219 3220 3498 3499 3501 3919 3933 3938 3942 3999 4010 4073 4093 4095 4472 4473 4474 4486 4489 4490 4491 4493 4503 4509 4510 4766 4814 4815 4816 4817 4818 4832 4834 4839 4841 4844 4845 5450 5456 5509 5515 5522 5648 5664 5878 5879 6465 6739 6777 6778 6779 6912 6922 6923 6937 6938 6939 6946 6950 6953 6955 6959 6960 6962 6963 6964 6965 6973 6974 6975 7152 7155 7156 7158 7160 7161 7164 7169 7170 7172 7183 7184 7194 
        domina a restricao RW000103

Restricao 106, 1 novos cliques
    Original (67): 14 446 447 502 503 532 533 725 726 734 735 739 740 748 749 1541 1592 1600 1601 1608 1609 1610 1611 1773 2778 3074 3075 3200 3209 3210 3919 3998 4004 4005 4006 4008 4009 4066 4067 4119 4495 4496 4497 4498 5215 5219 5220 5221 5225 5226 5236 5523 5649 6464 6734 6746 6747 6748 6933 6966 6967 6968 6969 6970 7129 7133 7146 
    0 (69): 14 446 447 502 503 532 533 725 726 734 735 739 740 748 749 1541 1592 1600 1601 1608 1609 1610 1611 1773 2778 3074 3075 3200 3209 3210 3919 3998 4004 4005 4006 4008 4009 4066 4067 4119 4495 4496 4497 4498 4812 4842 5215 5219 5220 5221 5225 5226 5236 5523 5649 6464 6734 6746 6747 6748 6933 6966 6967 6968 6969 6970 7129 7133 7146 
        domina a restricao RW000107

Restricao 109, 1 novos cliques
    Original (96): 14 532 722 738 739 740 741 742 743 1541 1553 1554 1584 1589 1590 1591 1592 1721 1730 1773 1774 1775 1776 2057 2058 2059 2060 2534 2542 2778 3074 3075 3185 3187 3194 3201 3202 3484 3485 3494 3923 3943 3998 4066 4074 4098 4099 4103 4104 4114 4115 4495 4501 4502 4503 4504 4823 4825 5215 5219 5221 5233 5234 5235 5236 5237 5455 5519 5520 5521 5523 5649 5651 6457 6462 6463 6749 6750 6763 6764 6917 6918 6925 6926 6927 6928 6973 7129 7133 7146 7174 7175 7176 7177 7183 7192 
    0 (97): 14 532 722 738 739 740 741 742 743 1541 1553 1554 1584 1589 1590 1591 1592 1721 1730 1773 1774 1775 1776 2057 2058 2059 2060 2534 2542 2778 3074 3075 3185 3187 3189 3194 3201 3202 3484 3485 3494 3923 3943 3998 4066 4074 4098 4099 4103 4104 4114 4115 4495 4501 4502 4503 4504 4823 4825 5215 5219 5221 5233 5234 5235 5236 5237 5455 5519 5520 5521 5523 5649 5651 6457 6462 6463 6749 6750 6763 6764 6917 6918 6925 6926 6927 6928 6973 7129 7133 7146 7174 7175 7176 7177 7183 7192 
        domina a restricao RW000110
        domina a restricao RW000111

Restricao 129, 1 novos cliques
    Original (128): 17 75 77 105 120 132 134 137 148 339 340 341 342 343 345 362 756 757 758 759 760 761 762 763 764 765 766 777 778 816 1886 1887 1907 1908 1917 1918 1919 1920 1921 1922 1923 2063 2064 2066 2068 2071 2134 2135 2136 2195 2196 2197 2198 2456 2457 2460 2461 2462 2465 2551 2558 2569 2570 2571 2572 2573 2574 2575 2619 3040 3041 3215 3216 3217 3503 3504 3505 3506 3507 3511 3512 3513 3514 3810 3871 3904 3905 4226 4227 4312 4313 4688 4689 4861 4862 5491 5492 5514 5586 5587 5596 5777 5933 6095 6096 6105 6106 6115 6116 6121 6130 6132 6479 6480 6481 6483 6484 6485 6486 6487 6488 6489 6490 6502 6509 6526 6638 6639 
    0 (145): 17 75 77 105 120 132 134 137 148 339 340 341 342 343 345 362 756 757 758 759 760 761 762 763 764 765 766 777 778 816 1886 1887 1907 1908 1917 1918 1919 1920 1921 1922 1923 2063 2064 2066 2068 2069 2071 2134 2135 2136 2195 2196 2197 2198 2456 2457 2460 2461 2462 2465 2544 2545 2546 2547 2551 2558 2569 2570 2571 2572 2573 2574 2575 2618 2619 3040 3041 3215 3216 3217 3503 3504 3505 3506 3507 3511 3512 3513 3514 3582 3589 3594 3595 3596 3597 3810 3871 3904 3905 4226 4227 4312 4313 4688 4689 4861 4862 5491 5492 5514 5586 5587 5590 5591 5596 5777 5933 5935 6095 6096 6105 6106 6115 6116 6121 6130 6132 6149 6150 6479 6480 6481 6483 6484 6485 6486 6487 6488 6489 6490 6502 6509 6526 6638 6639 
        domina a restricao RW000130

Restricao 132, 1 novos cliques
    Original (217): 17 300 304 315 316 317 318 319 320 321 322 323 324 325 328 755 756 759 760 761 762 765 770 771 772 778 785 786 793 794 806 813 814 816 894 897 908 913 918 920 923 924 934 937 947 956 957 958 959 960 961 962 963 964 971 975 978 982 1014 1084 1085 1086 1088 1137 1624 1631 1632 1633 1646 1653 1656 1660 1908 1919 1920 1921 1927 1929 1983 1984 2195 2200 2201 2202 2204 2457 2458 2461 2463 2464 2545 2547 2568 2569 2571 2573 2575 2583 2585 2586 2587 2588 2589 2590 2591 2592 2593 2594 2595 2596 2601 2602 2618 2619 2623 2634 2636 3034 3041 3042 3223 3483 3484 3485 3505 3507 3508 3509 3510 3513 3519 3565 3567 3570 3571 3574 3576 3579 3586 3814 3816 3870 3871 3874 3905 3906 3907 3908 3910 3913 3916 3920 4312 4313 4337 4338 4666 4668 4669 4670 4672 4674 4675 4688 4694 4695 4696 4697 4862 5482 5484 5494 5496 5497 5498 5499 5588 5589 5590 5777 5782 5792 5794 5857 5933 5936 6096 6098 6100 6104 6106 6109 6111 6116 6120 6121 6124 6128 6130 6131 6132 6480 6486 6487 6490 6491 6492 6509 6514 6515 6516 6517 6524 6640 6641 6642 6643 
    0 (224): 17 300 304 315 316 317 318 319 320 321 322 323 324 325 328 755 756 759 760 761 762 765 770 771 772 778 785 786 793 794 806 813 814 816 894 897 908 913 918 920 923 924 934 937 947 956 957 958 959 960 961 962 963 964 971 975 978 982 1014 1080 1081 1084 1085 1086 1087 1088 1089 1137 1624 1631 1632 1633 1646 1653 1656 1660 1908 1919 1920 1921 1927 1929 1983 1984 2195 2200 2201 2202 2204 2457 2458 2461 2463 2464 2545 2547 2568 2569 2571 2573 2575 2583 2585 2586 2587 2588 2589 2590 2591 2592 2593 2594 2595 2596 2601 2602 2618 2619 2623 2634 2636 3034 3041 3042 3223 3330 3483 3484 3485 3505 3507 3508 3509 3510 3513 3519 3565 3567 3570 3571 3574 3576 3579 3586 3814 3816 3870 3871 3874 3905 3906 3907 3908 3910 3913 3916 3920 4312 4313 4337 4338 4666 4668 4669 4670 4672 4674 4675 4688 4694 4695 4696 4697 4862 5482 5484 5494 5496 5497 5498 5499 5588 5589 5590 5597 5598 5777 5782 5792 5794 5857 5933 5936 6096 6098 6100 6104 6106 6109 6111 6116 6120 6121 6124 6128 6130 6131 6132 6480 6486 6487 6490 6491 6492 6509 6514 6515 6516 6517 6524 6640 6641 6642 6643 
        domina a restricao RW000133

Restricao 133, 1 novos cliques
    Original (46): 18 675 1201 1202 1203 1204 1205 1206 1207 1208 1209 1210 1211 1268 1269 1301 1304 1305 1309 1313 1504 1561 1562 1563 1564 2092 2455 2468 2469 2470 2471 3174 3278 3285 3288 3295 3847 5665 5666 5667 6069 6712 6720 6722 6727 7095 
    0 (49): 18 675 1201 1202 1203 1204 1205 1206 1207 1208 1209 1210 1211 1268 1269 1301 1304 1305 1309 1313 1504 1561 1562 1563 1564 2092 2455 2468 2469 2470 2471 2480 2481 2500 3174 3278 3285 3288 3295 3847 5665 5666 5667 6069 6712 6720 6722 6727 7095 
        domina a restricao RW000134

Restricao 136, 1 novos cliques
    Original (48): 18 362 671 672 673 674 675 678 1198 1200 1201 1204 1205 1206 1215 1224 1228 1246 1283 1284 1293 1294 1295 1296 1504 1558 2092 2455 2468 3173 3175 3179 3277 3287 3288 4644 4653 5667 5668 5669 6073 7077 7080 7083 7084 7087 7091 7094 
    0 (49): 18 362 671 672 673 674 675 678 1198 1200 1201 1204 1205 1206 1215 1224 1228 1246 1283 1284 1293 1294 1295 1296 1504 1558 2092 2455 2468 3173 3175 3179 3277 3287 3288 4644 4653 5666 5667 5668 5669 6073 7077 7080 7083 7084 7087 7091 7094 
        domina a restricao RW000137

Restricao 142, 1 novos cliques
    Original (15): 19 830 1714 1862 1981 2091 3072 3095 3894 5878 5879 6257 6379 6386 7178 
    0 (25): 19 830 1714 1860 1861 1862 1981 2091 2092 3071 3072 3094 3095 3894 4472 4945 5669 5878 5879 6257 6304 6305 6379 6386 7178 
        domina a restricao RW000143
        domina a restricao RW000144

Restricao 145, 1 novos cliques
    Original (21): 19 1715 1861 1862 1981 2091 2092 3071 3072 3094 3095 3894 4472 4945 5669 5879 6257 6305 6379 6386 7180 
    0 (60): 19 854 855 1715 1861 1862 1981 2091 2092 2095 2099 2354 2365 2415 2818 2823 3067 3070 3071 3072 3082 3094 3095 3096 3097 3312 3313 3314 3890 3894 3896 3897 3903 4472 4945 5426 5427 5430 5432 5440 5443 5444 5445 5446 5669 5670 5672 5879 6257 6259 6305 6379 6386 6474 6528 6529 6530 6536 6537 7180 
        domina a restricao RW000146
        domina a restricao RW000147

Restricao 155, 1 novos cliques
    Original (164): 22 362 399 400 629 630 631 681 682 683 684 685 686 687 688 689 720 721 722 1212 1213 1266 1267 1268 1269 1270 1271 1272 1273 1274 1275 1276 1277 1278 1279 1280 1281 1282 1283 1284 1285 1286 1287 1288 1289 1290 1291 1292 1329 1347 1348 1593 1594 1595 2002 2003 2004 2005 2006 2007 2450 2492 2493 2494 2495 2496 2497 2498 2499 2500 2501 2502 2809 2826 2827 2828 2974 2975 2976 2977 2978 2979 2980 3281 3282 3283 3770 3771 3772 3773 3774 4001 4002 4087 4324 4344 4347 4348 4349 4366 4367 4368 4371 4379 4387 4395 4396 4397 4398 4399 4400 4401 4402 4403 4404 4405 4788 5262 5267 5268 5269 5270 5271 5272 5386 5387 5459 5572 5974 5981 6011 6130 6131 6132 6133 6252 6253 6262 6263 6328 6331 6334 6338 6341 6348 6349 6350 6353 6354 6355 6359 6360 6369 6370 6371 6372 6373 6374 6375 6376 6377 6378 6425 7101 
    0 (174): 22 362 399 400 629 630 631 681 682 683 684 685 686 687 688 689 720 721 722 1212 1213 1266 1267 1268 1269 1270 1271 1272 1273 1274 1275 1276 1277 1278 1279 1280 1281 1282 1283 1284 1285 1286 1287 1288 1289 1290 1291 1292 1329 1347 1348 1593 1594 1595 2002 2003 2004 2005 2006 2007 2450 2492 2493 2494 2495 2496 2497 2498 2499 2500 2501 2502 2809 2826 2827 2828 2834 2838 2974 2975 2976 2977 2978 2979 2980 3281 3282 3283 3770 3771 3772 3773 3774 4001 4002 4087 4324 4344 4347 4348 4349 4366 4367 4368 4371 4379 4384 4385 4387 4388 4389 4395 4396 4397 4398 4399 4400 4401 4402 4403 4404 4405 4783 4785 4788 5262 5267 5268 5269 5270 5271 5272 5386 5387 5459 5570 5571 5572 5974 5981 6011 6130 6131 6132 6133 6252 6253 6262 6263 6328 6331 6334 6338 6341 6348 6349 6350 6353 6354 6355 6359 6360 6369 6370 6371 6372 6373 6374 6375 6376 6377 6378 6425 7101 
        domina a restricao RW000156

Restricao 170, 1 novos cliques
    Original (97): 23 75 95 105 106 120 121 122 134 137 148 339 365 366 756 777 778 816 1906 2133 2134 2146 2147 2703 2704 2708 3019 3530 3532 3535 4056 4058 4239 4240 4265 4266 4282 4436 4437 4442 4443 4806 4807 4809 4810 4816 4842 4843 4900 4901 5160 5164 5165 5167 5168 5436 5450 5451 5456 5646 5647 5933 6060 6068 6082 6083 6547 6548 6549 6550 6551 6552 6576 6577 6582 6583 6584 6585 6589 6593 6600 6681 6689 6709 6736 6737 6739 6744 6745 6746 6747 6748 6755 6773 6774 6872 7179 
    0 (108): 23 75 95 105 106 120 121 122 134 137 148 339 365 366 756 777 778 816 1906 1907 1908 1909 2133 2134 2146 2147 2703 2704 2708 3019 3530 3532 3535 4056 4058 4239 4240 4265 4266 4267 4268 4282 4433 4436 4437 4438 4442 4443 4444 4445 4806 4807 4809 4810 4816 4842 4843 4900 4901 4902 5160 5164 5165 5167 5168 5436 5437 5450 5451 5456 5646 5647 5933 6060 6068 6082 6083 6547 6548 6549 6550 6551 6552 6576 6577 6582 6583 6584 6585 6589 6593 6600 6681 6689 6709 6736 6737 6739 6744 6745 6746 6747 6748 6755 6773 6774 6872 7179 
        domina a restricao RW000171

Restricao 178, 1 novos cliques
    Original (68): 25 128 133 138 149 152 202 514 515 530 948 1006 1034 1229 1230 1236 1252 1257 1261 1316 1325 1531 1540 1552 2821 3587 3700 3707 4218 4219 4647 4648 4649 4650 4651 4652 4654 4658 4677 4678 4679 4680 4690 4691 4692 4979 4980 4983 5045 5060 5067 5138 5139 5463 5763 6166 6614 6620 6622 6623 6823 6825 6847 6848 6853 6854 7128 7132 
    0 (69): 25 128 133 138 149 152 202 514 515 530 948 1006 1034 1229 1230 1233 1236 1252 1257 1261 1316 1325 1531 1540 1552 2821 3587 3700 3707 4218 4219 4647 4648 4649 4650 4651 4652 4654 4658 4677 4678 4679 4680 4690 4691 4692 4979 4980 4983 5045 5060 5067 5138 5139 5463 5763 6166 6614 6620 6622 6623 6823 6825 6847 6848 6853 6854 7128 7132 
        domina a restricao RW000179

Restricao 187, 1 novos cliques
    Original (53): 26 298 303 304 305 311 312 321 322 334 692 1591 1744 1848 1849 2069 2169 3330 3520 3587 3950 4064 4902 5849 6169 6171 6172 6173 6174 6175 6176 6178 6179 6180 6185 6186 6187 6188 6189 6190 6505 6506 6508 6509 6510 6511 6512 6515 6516 6518 6697 6698 6699 
    0 (58): 26 298 303 304 305 311 312 321 322 334 692 1591 1744 1848 1849 2069 2169 3330 3520 3537 3587 3950 4064 4902 5410 5849 6169 6171 6172 6173 6174 6175 6176 6178 6179 6180 6185 6186 6187 6188 6189 6190 6505 6506 6508 6509 6510 6511 6512 6515 6516 6518 6697 6698 6699 6859 6864 6865 
        domina a restricao RW000188

Restricao 192, 1 novos cliques
    Original (128): 27 248 389 394 1436 1437 1566 1570 2084 2085 2096 2165 2168 2173 2175 2178 2185 2186 2205 2235 2236 2237 2240 2242 2257 2258 2259 2262 2264 2266 2267 2269 2273 2274 2275 2278 2280 2281 2282 2286 2287 2471 2473 2474 2477 2479 2481 2487 2488 2489 2490 2491 2497 2498 2499 2501 2507 3014 3015 3559 3795 3797 3893 4061 4339 4605 4609 4615 4616 4619 4622 4666 4670 4675 4681 4682 4686 4687 4688 4695 4712 5163 5442 5607 5612 5616 5619 5622 5624 5855 5930 6051 6055 6056 6504 6510 6511 6514 6515 6516 6791 6794 6795 6935 6936 6945 6946 6949 6953 6964 6965 6989 6992 7007 7014 7039 7045 7046 7047 7048 7049 7052 7053 7056 7058 7059 7061 7063 
    0 (172): 27 248 378 389 390 394 395 404 1436 1437 1566 1570 2084 2085 2096 2165 2168 2172 2173 2175 2178 2185 2186 2205 2225 2226 2227 2228 2235 2236 2237 2240 2242 2257 2258 2259 2262 2264 2266 2267 2269 2273 2274 2275 2278 2280 2281 2282 2286 2287 2294 2471 2473 2474 2477 2479 2481 2487 2488 2489 2490 2491 2497 2498 2499 2501 2507 3014 3015 3018 3019 3559 3795 3797 3893 4059 4061 4062 4339 4605 4609 4615 4616 4619 4622 4666 4670 4675 4681 4682 4686 4687 4688 4695 4712 4941 4942 5163 5442 5607 5608 5609 5612 5613 5614 5615 5616 5619 5622 5624 5855 5930 6051 6055 6056 6504 6505 6506 6508 6509 6510 6511 6514 6515 6516 6791 6794 6795 6877 6878 6879 6881 6935 6936 6945 6946 6949 6953 6964 6965 6979 6981 6989 6992 6994 6999 7007 7012 7014 7017 7019 7020 7021 7022 7023 7025 7029 7038 7039 7041 7045 7046 7047 7048 7049 7052 7053 7056 7058 7059 7061 7063 
        domina a restricao RW000193

Restricao 196, 1 novos cliques
    Original (212): 28 274 275 303 306 307 308 309 310 311 312 313 314 324 326 339 340 341 342 346 347 362 416 420 421 422 423 424 425 444 460 469 470 471 472 535 536 613 614 621 658 693 754 757 758 762 764 767 768 769 784 792 805 812 1018 1023 1040 1041 1042 1043 1347 2101 2102 2103 2331 2334 2337 2338 2340 2345 2356 2358 2361 2362 2363 2367 2368 2373 2377 2381 2388 2389 2390 2391 2392 2410 2411 2416 2418 2419 2702 2715 2722 3322 3323 3764 3771 3774 3783 4257 4258 4259 4260 4302 4340 4342 4345 4348 4350 4351 4362 4364 4367 4369 4371 4373 4374 4380 4395 5261 5262 5263 5264 5266 5267 5268 5586 5587 5588 5798 5799 5800 5801 5802 5803 5804 5809 5812 5818 5820 5824 5825 5833 5834 5859 5860 6198 6199 6201 6204 6205 6211 6214 6223 6224 6225 6229 6231 6232 6233 6234 6235 6236 6237 6238 6327 6330 6333 6337 6340 6343 6345 6347 6349 6352 6354 6357 6359 6361 6362 6364 6367 6368 6369 6370 6371 6372 6373 6450 6451 6452 6453 6454 6479 6481 6483 6484 6485 6487 6488 6489 6490 6492 6731 7066 7067 7068 7069 7105 7106 7107 7108 
    0 (217): 28 274 275 303 306 307 308 309 310 311 312 313 314 324 325 326 327 339 340 341 342 346 347 362 416 420 421 422 423 424 425 444 460 469 470 471 472 535 536 613 614 621 658 692 693 754 757 758 762 764 767 768 769 784 792 805 812 1018 1023 1040 1041 1042 1043 1347 2101 2102 2103 2331 2334 2337 2338 2340 2345 2356 2358 2361 2362 2363 2367 2368 2373 2377 2381 2388 2389 2390 2391 2392 2410 2411 2416 2418 2419 2702 2715 2722 3322 3323 3764 3771 3774 3783 4257 4258 4259 4260 4302 4340 4342 4345 4348 4350 4351 4362 4364 4367 4369 4371 4373 4374 4380 4395 4396 4398 5261 5262 5263 5264 5266 5267 5268 5586 5587 5588 5798 5799 5800 5801 5802 5803 5804 5809 5812 5818 5820 5824 5825 5833 5834 5859 5860 6198 6199 6201 6204 6205 6211 6214 6223 6224 6225 6229 6231 6232 6233 6234 6235 6236 6237 6238 6327 6330 6333 6337 6340 6343 6345 6347 6349 6352 6354 6357 6359 6361 6362 6364 6367 6368 6369 6370 6371 6372 6373 6450 6451 6452 6453 6454 6479 6481 6483 6484 6485 6487 6488 6489 6490 6492 6731 7066 7067 7068 7069 7105 7106 7107 7108 
        domina a restricao RW000197

Restricao 200, 1 novos cliques
    Original (155): 28 576 615 616 617 618 619 620 621 622 623 624 657 658 659 660 1098 1099 1103 1104 1105 1106 1107 1108 1109 1110 1111 1112 1128 1129 1153 1154 1155 1157 1158 1168 1175 1176 1180 1321 1322 1337 1376 1738 1739 1801 2097 2098 2099 2171 2172 2184 2186 2187 2188 2189 2190 2725 2727 3123 3124 3125 3133 3134 3135 3136 3141 3142 3143 3144 3145 3153 3504 3505 3506 3507 3508 3509 3510 3810 4203 4204 4205 4206 4207 4208 4209 4210 4303 4341 4342 4343 4363 4364 4365 4372 4373 4374 4375 4376 4377 4378 4388 4412 4413 4414 4419 4420 5246 5249 5253 5258 5261 5265 5266 5587 5588 5589 5590 5799 5800 5807 5808 5809 5810 5811 5812 5813 5814 5815 5816 5817 6200 6201 6209 6210 6211 6332 6342 6343 6344 6356 6357 6358 6361 6362 6363 6364 6365 6367 6368 6452 6455 6487 6488 
    0 (248): 28 576 615 616 617 618 619 620 621 622 623 624 629 630 657 658 659 660 1098 1099 1103 1104 1105 1106 1107 1108 1109 1110 1111 1112 1128 1129 1153 1154 1155 1157 1158 1161 1168 1175 1176 1180 1321 1322 1337 1376 1738 1739 1801 1813 1816 1827 2097 2098 2099 2171 2172 2184 2186 2187 2188 2189 2190 2725 2727 2729 2731 3123 3124 3125 3126 3133 3134 3135 3136 3141 3142 3143 3144 3145 3146 3147 3148 3153 3154 3157 3158 3162 3164 3165 3166 3167 3168 3504 3505 3506 3507 3508 3509 3510 3511 3512 3513 3515 3516 3810 3819 3821 3822 3823 4168 4169 4170 4175 4176 4177 4203 4204 4205 4206 4207 4208 4209 4210 4303 4341 4342 4343 4344 4347 4348 4349 4363 4364 4365 4366 4367 4368 4372 4373 4374 4375 4376 4377 4378 4379 4388 4393 4394 4395 4397 4402 4404 4405 4410 4412 4413 4414 4419 4420 4541 5246 5249 5253 5258 5261 5262 5265 5266 5269 5275 5587 5588 5589 5590 5799 5800 5807 5808 5809 5810 5811 5812 5813 5814 5815 5816 5817 5818 5819 5824 5833 5834 5835 5836 6200 6201 6202 6209 6210 6211 6226 6227 6234 6328 6331 6332 6334 6338 6341 6342 6343 6344 6348 6349 6350 6353 6354 6355 6356 6357 6358 6359 6360 6361 6362 6363 6364 6365 6367 6368 6369 6370 6371 6372 6373 6374 6375 6376 6377 6378 6452 6455 6464 6487 6488 6731 7111 
        domina a restricao RW000201

Restricao 219, 1 novos cliques
    Original (86): 32 408 435 438 1077 1085 1091 1201 1202 1203 1238 1239 1257 1258 1259 1265 1268 1301 1304 1305 1309 1311 1313 1395 1396 1397 1398 1404 1405 1424 1425 2233 2234 2250 2251 2252 2253 2260 2261 2262 2263 2264 2276 2277 2278 2290 2292 2309 2750 2751 3114 3116 3174 3180 3278 3285 3288 3295 3317 3559 3891 3892 3893 3895 3899 3901 3972 3982 4028 4029 4030 4031 4032 4482 4521 4537 4640 4641 4654 4951 5433 5804 5832 6825 6843 6875 
    0 (101): 32 408 435 438 1077 1085 1091 1201 1202 1203 1238 1239 1257 1258 1259 1265 1268 1301 1304 1305 1309 1311 1313 1395 1396 1397 1398 1404 1405 1424 1425 2233 2234 2250 2251 2252 2253 2260 2261 2262 2263 2264 2276 2277 2278 2290 2292 2309 2750 2751 2759 2760 3103 3107 3111 3114 3116 3117 3174 3180 3278 3285 3288 3295 3317 3544 3545 3546 3559 3891 3892 3893 3895 3899 3901 3972 3982 4028 4029 4030 4031 4032 4475 4482 4493 4494 4498 4501 4508 4521 4537 4640 4641 4654 4951 5433 5804 5832 6825 6843 6875 
        domina a restricao RW000220

Restricao 224, 1 novos cliques
    Original (96): 32 273 290 353 359 372 861 873 874 875 882 883 1085 1086 1087 1091 1193 1197 1227 1237 1239 1243 1254 1259 1263 1265 1398 1401 1410 1412 1432 2219 2248 2253 2285 2745 2747 2748 2752 3034 3035 3039 3046 3049 3170 3172 3178 3279 3281 3295 3538 3553 3558 3892 3895 3952 3954 3978 3979 4011 4016 4018 4473 4482 4491 4493 4510 4517 4518 4520 4521 4525 4528 4533 4536 4949 4952 5433 5445 5446 5666 5670 5671 5672 5804 5807 5811 5814 5817 5822 5829 5831 5860 5861 6820 6880 
    0 (98): 32 273 290 353 359 372 861 873 874 875 882 883 1085 1086 1087 1091 1193 1197 1227 1237 1239 1243 1254 1259 1263 1265 1398 1401 1410 1412 1432 2219 2248 2253 2285 2745 2747 2748 2752 3034 3035 3039 3046 3049 3170 3172 3178 3279 3281 3295 3538 3553 3558 3892 3895 3952 3954 3978 3979 4011 4016 4018 4473 4482 4491 4493 4510 4517 4518 4520 4521 4525 4528 4533 4536 4949 4952 5433 5445 5446 5666 5667 5669 5670 5671 5672 5804 5807 5811 5814 5817 5822 5829 5831 5860 5861 6820 6880 
        domina a restricao RW000225

Restricao 226, 1 novos cliques
    Original (53): 33 691 699 1113 1576 1802 1803 1804 1828 1831 2136 2142 2196 2203 2441 2442 2462 2510 2513 3076 3805 4483 4484 4485 4689 4698 4699 4711 4719 4723 4724 4725 4864 4865 4887 4888 4913 4914 4915 4924 5329 5414 5421 5422 5904 5905 6638 6639 6644 6645 6789 6803 7102 
    0 (61): 33 691 699 1113 1576 1802 1803 1804 1828 1831 2136 2141 2142 2195 2196 2197 2200 2203 2441 2442 2462 2510 2513 3076 3078 3805 4483 4484 4485 4489 4689 4698 4699 4711 4719 4723 4724 4725 4864 4865 4887 4888 4913 4914 4915 4924 5329 5414 5421 5422 5904 5905 6638 6639 6644 6645 6789 6790 6802 6803 7102 
        domina a restricao RW000227

Restricao 230, 1 novos cliques
    Original (39): 34 511 525 526 527 528 537 538 625 626 1120 1511 1933 1934 2878 2888 2889 2949 4346 4370 4378 4382 4854 4856 5014 5015 5016 5017 5183 5350 5353 5596 5827 6005 6006 6007 6598 6599 6958 
    0 (62): 34 511 512 513 525 526 527 528 537 538 584 585 586 625 626 1120 1511 1933 1934 2360 2386 2387 2388 2552 2559 2560 2613 2614 2878 2888 2889 2949 4346 4370 4378 4382 4728 4729 4730 4731 4854 4856 5014 5015 5016 5017 5183 5350 5353 5596 5631 5827 6005 6006 6007 6426 6563 6572 6574 6598 6599 6958 
        domina a restricao RW000231

Restricao 234, 5 novos cliques
    Original (76): 34 511 512 513 522 523 524 525 526 527 528 537 538 544 545 546 547 580 581 584 591 607 608 643 644 1120 1146 1147 1164 1362 1363 1381 1382 1619 1637 1869 1881 1892 1900 1923 1932 1966 2181 2182 2348 2350 2352 2360 2396 2554 2559 2563 2566 2621 2694 2695 2781 2852 2919 3993 3995 5037 5335 5336 5596 5601 5628 5631 5634 5635 5993 5994 6013 6403 6557 6558 
    0 (125): 34 511 512 513 522 523 524 525 526 527 528 537 538 544 545 546 547 580 581 584 591 607 608 643 644 1120 1146 1147 1164 1362 1363 1381 1382 1619 1637 1868 1869 1881 1892 1900 1923 1932 1953 1956 1957 1958 1966 2181 2182 2348 2350 2352 2360 2396 2554 2559 2563 2566 2621 2694 2695 2781 2852 2866 2867 2868 2869 2870 2871 2872 2873 2874 2919 2927 2947 2949 2952 3993 3995 5030 5037 5045 5067 5139 5335 5336 5596 5601 5628 5631 5634 5635 5983 5987 5990 5991 5993 5994 5995 6000 6005 6013 6018 6038 6040 6041 6042 6043 6050 6256 6267 6268 6403 6544 6547 6550 6551 6553 6554 6557 6558 6559 6568 6585 6600 
        domina a restricao RW000235

    1 (110): 34 511 512 513 522 523 524 525 526 527 528 537 538 544 545 546 547 580 581 584 591 607 608 643 644 1120 1146 1147 1164 1362 1363 1381 1382 1619 1637 1868 1869 1881 1892 1900 1923 1932 1966 2181 2182 2348 2350 2352 2360 2396 2554 2559 2563 2566 2621 2694 2695 2781 2852 2919 3993 3995 4987 4994 5006 5037 5045 5129 5130 5131 5132 5139 5335 5336 5596 5601 5628 5631 5634 5635 5983 5987 5990 5991 5993 5994 5995 6000 6005 6013 6018 6040 6041 6042 6043 6256 6264 6267 6268 6403 6544 6547 6550 6551 6553 6554 6557 6558 6559 6568 

    2 (109): 34 511 512 513 522 523 524 525 526 527 528 537 538 544 545 546 547 580 581 584 591 607 608 643 644 1120 1146 1147 1164 1362 1363 1381 1382 1512 1619 1637 1719 1869 1881 1892 1900 1906 1910 1923 1932 1966 2181 2182 2348 2350 2352 2360 2396 2554 2559 2562 2563 2566 2620 2621 2694 2695 2767 2768 2769 2770 2781 2852 2880 2915 2919 3993 3995 4353 4354 5022 5030 5031 5032 5037 5335 5336 5596 5601 5628 5631 5634 5635 5796 5988 5989 5993 5994 6013 6033 6038 6050 6403 6550 6551 6552 6557 6558 6576 6584 6585 6589 6600 6872 

    3 (108): 34 511 512 513 522 523 524 525 526 527 528 537 538 544 545 546 547 580 581 584 591 607 608 643 644 1120 1146 1147 1164 1362 1363 1381 1382 1619 1637 1868 1869 1881 1892 1900 1923 1932 1966 2181 2182 2348 2350 2352 2360 2396 2554 2559 2563 2566 2621 2694 2695 2781 2852 2919 3993 3995 4987 4994 5006 5037 5045 5129 5130 5131 5132 5133 5139 5335 5336 5596 5601 5628 5631 5634 5635 5983 5987 5990 5993 5994 5995 6000 6005 6013 6018 6040 6041 6042 6256 6264 6267 6268 6403 6544 6547 6550 6553 6554 6557 6558 6559 6568 

    4 (107): 34 511 512 513 522 523 524 525 526 527 528 537 538 544 545 546 547 580 581 584 591 607 608 643 644 1120 1146 1147 1164 1362 1363 1381 1382 1619 1637 1869 1881 1892 1900 1923 1932 1953 1956 1957 1958 1966 2181 2182 2348 2350 2352 2360 2396 2554 2559 2563 2566 2620 2621 2694 2695 2781 2852 2866 2867 2868 2869 2870 2871 2872 2873 2874 2915 2919 2927 2947 2949 2952 3993 3995 5030 5037 5067 5335 5336 5596 5601 5628 5631 5634 5635 5990 5991 5993 5994 6013 6038 6041 6043 6050 6403 6550 6551 6557 6558 6585 6600 

Restricao 241, 1 novos cliques
    Original (17): 35 248 250 560 2205 2206 2285 2484 2485 2491 4053 4712 4716 4718 4802 6920 6921 
    0 (20): 35 248 250 257 258 560 2205 2206 2285 2484 2485 2491 4053 4055 4712 4716 4718 4802 6920 6921 
        domina a restricao RW000242

Restricao 242, 1 novos cliques
    Original (15): 35 248 250 560 2166 2196 2203 2285 2485 4053 4338 4624 4802 6920 6921 
    0 (18): 35 248 250 257 258 560 2166 2196 2203 2285 2485 4053 4055 4338 4624 4802 6920 6921 
        domina a restricao RW000243

Restricao 245, 1 novos cliques
    Original (112): 36 254 302 384 385 391 404 516 518 519 520 521 531 535 536 539 540 541 542 543 548 549 552 553 1447 1533 1536 1537 1538 1539 1546 1549 1550 1985 2153 2154 2169 2170 2172 2179 2188 2341 2346 2349 2359 2364 2369 2371 2374 2378 2379 2393 2412 2420 2819 2822 2825 2857 2876 2886 3217 3405 3408 3409 3417 3523 3534 4166 4167 4173 4183 4188 4190 4191 4192 4193 4197 4208 4213 4215 4576 4652 4656 4676 4689 4696 4697 4698 4699 4701 4702 4703 4704 4840 5400 5593 5594 5853 5931 5932 5940 5944 6496 6498 6662 6678 6686 6694 6704 6708 6783 6784 
    0 (114): 36 254 302 384 385 391 404 516 518 519 520 521 531 535 536 539 540 541 542 543 548 549 552 553 1447 1533 1536 1537 1538 1539 1546 1549 1550 1985 2153 2154 2169 2170 2172 2179 2188 2341 2346 2349 2359 2364 2369 2371 2374 2378 2379 2393 2412 2420 2819 2822 2825 2857 2876 2886 3217 3405 3408 3409 3417 3523 3534 4166 4167 4173 4183 4188 4190 4191 4192 4193 4197 4208 4213 4215 4576 4652 4656 4676 4689 4696 4697 4698 4699 4701 4702 4703 4704 4832 4840 4844 5400 5593 5594 5853 5931 5932 5940 5944 6496 6498 6662 6678 6686 6694 6704 6708 6783 6784 
        domina a restricao RW000246

Restricao 247, 1 novos cliques
    Original (71): 37 112 113 123 125 358 359 541 542 543 628 767 768 770 771 776 850 857 981 982 983 1092 1138 1139 1635 1636 1663 1988 1997 2151 2153 2155 2173 2174 2175 2176 2177 2178 2380 2381 2382 2413 2421 2824 2890 2891 2892 3057 3232 4877 5162 5163 5616 5828 5829 5830 5831 6407 6415 6423 6424 6437 6438 6463 6702 6705 6706 6716 6717 6730 6880 
    0 (79): 37 112 113 123 125 358 359 541 542 543 628 767 768 770 771 776 850 857 981 982 983 1092 1138 1139 1635 1636 1663 1988 1997 2151 2153 2155 2173 2174 2175 2176 2177 2178 2380 2381 2382 2413 2421 2824 2890 2891 2892 3057 3232 4877 5162 5163 5616 5828 5829 5830 5831 5867 5870 6288 6407 6415 6423 6424 6437 6438 6463 6695 6702 6703 6704 6705 6706 6707 6708 6716 6717 6730 6880 
        domina a restricao RW000248

Restricao 273, 1 novos cliques
    Original (13): 43 76 86 114 4274 4660 5684 5713 6990 6991 7043 7044 7045 
    0 (26): 43 76 86 114 1121 1123 1874 3789 4264 4274 4281 4660 4664 4805 5684 5713 6177 6194 6494 6495 6497 6990 6991 7043 7044 7045 
        domina a restricao RW000274

Restricao 288, 1 novos cliques
    Original (84): 46 336 348 353 414 421 423 428 437 466 506 507 508 509 695 706 833 1020 1027 1041 1044 1048 1057 1156 1173 1408 1413 1414 1416 1422 1469 1803 1806 1811 1822 1826 2425 2462 2484 2491 2502 2503 2505 2830 2956 2964 2970 2978 2980 2996 3059 3283 3285 3363 4885 5218 5222 5223 5224 5225 5227 5239 5252 5255 5256 5413 5417 5759 5761 5767 5768 5769 5771 5772 5875 5877 6088 6459 6640 6732 7035 7048 7100 7123 
    0 (90): 46 336 348 353 414 421 423 428 437 466 506 507 508 509 695 706 833 1020 1027 1041 1044 1048 1057 1156 1173 1408 1413 1414 1416 1422 1469 1803 1806 1811 1822 1826 1854 1855 2425 2462 2484 2491 2502 2503 2505 2737 2738 2830 2956 2964 2970 2977 2978 2980 2996 3059 3283 3285 3363 4885 5218 5222 5223 5224 5225 5227 5239 5252 5255 5256 5278 5413 5417 5759 5761 5767 5768 5769 5771 5772 5875 5877 6088 6459 6640 6732 7035 7048 7100 7123 
        domina a restricao RW000289

Restricao 293, 1 novos cliques
    Original (17): 47 1328 1852 2465 3511 3512 3513 3514 3531 4313 4558 5790 5791 5857 5973 6161 6163 
    0 (24): 47 1328 1852 2465 3314 3511 3512 3513 3514 3531 4313 4558 5443 5444 5445 5446 5790 5791 5857 5973 6161 6163 6529 6530 
        domina a restricao RW000294

Restricao 300, 1 novos cliques
    Original (53): 48 557 558 561 564 570 572 867 868 1394 1416 1417 1418 1419 1435 1446 1517 1518 1678 1679 2332 2908 2914 3516 3807 4301 4302 4304 4305 4337 4371 4383 4384 4385 4386 4387 4389 4554 4783 4785 5222 5228 5233 5240 5457 5570 5571 5572 6786 6787 6792 6793 6806 
    0 (68): 48 557 558 561 564 570 572 867 868 1394 1416 1417 1418 1419 1435 1446 1517 1518 1675 1678 1679 1680 2040 2046 2049 2050 2052 2332 2908 2914 3516 3517 3807 4301 4302 4304 4305 4337 4371 4383 4384 4385 4386 4387 4389 4554 4555 4562 4563 4783 4785 5222 5228 5233 5240 5416 5452 5457 5570 5571 5572 6052 6604 6786 6787 6792 6793 6806 
        domina a restricao RW000301

Restricao 303, 2 novos cliques
    Original (98): 49 408 409 410 420 421 426 433 441 1078 1159 1186 1187 1188 1530 1543 1723 1755 1867 2017 2023 2024 2533 3008 3061 3334 3359 3362 3368 3492 3745 3746 3751 3756 3757 3761 3776 3777 3782 3798 4245 4254 4450 4451 4640 4642 4657 4758 4964 4965 4966 4991 4992 4993 4994 4995 4996 5021 5023 5024 5025 5122 5123 5124 5125 5151 5152 5153 5194 5214 5217 5232 5464 5467 5469 5476 5492 5495 5496 5497 5498 5499 5502 5518 5522 5643 5737 5738 5756 5762 5764 5776 6054 6249 6404 6412 6785 7066 
    0 (99): 49 408 409 410 420 421 426 433 441 1078 1159 1186 1187 1188 1530 1543 1723 1755 1867 2017 2023 2024 2533 3008 3061 3334 3359 3362 3368 3492 3745 3746 3751 3756 3757 3761 3776 3777 3782 3798 4245 4254 4292 4450 4451 4640 4642 4657 4758 4964 4965 4966 4991 4992 4993 4994 4995 4996 5021 5023 5024 5025 5122 5123 5124 5125 5151 5152 5153 5194 5214 5217 5232 5464 5467 5469 5476 5492 5495 5496 5497 5498 5499 5502 5518 5522 5643 5737 5738 5756 5762 5764 5776 6054 6249 6404 6412 6785 7066 
        domina a restricao RW000304

    1 (104): 49 408 409 410 420 421 426 433 441 1078 1092 1159 1186 1187 1188 1530 1543 1723 1755 1867 2017 2023 2024 2531 2533 2536 3008 3061 3334 3359 3362 3368 3492 3745 3746 3751 3756 3757 3761 3776 3777 3782 3798 4245 4254 4450 4451 4640 4642 4657 4758 4964 4965 4966 4991 4992 4993 4994 4995 4996 5021 5023 5024 5025 5122 5123 5124 5125 5151 5152 5153 5194 5214 5217 5232 5464 5467 5469 5476 5492 5495 5496 5497 5498 5499 5502 5518 5522 5643 5737 5738 5756 5762 5764 5776 6054 6249 6404 6407 6412 6415 6424 6785 7066 

Restricao 315, 1 novos cliques
    Original (73): 52 401 780 781 782 783 784 785 786 787 788 1441 1790 1791 2072 2171 2176 2180 2181 2182 2333 2427 3239 3244 3245 3246 3490 3491 3539 3811 3825 3898 3899 3900 4584 4953 4954 4955 5160 5164 5165 5184 5185 5186 5908 5909 5910 5984 6004 6022 6023 6024 6025 6026 6027 6576 6577 6578 6579 6580 6581 6582 6583 6584 6585 6586 6587 6588 6720 6721 7186 7187 7188 
    0 (74): 52 401 780 781 782 783 784 785 786 787 788 1441 1790 1791 2072 2171 2176 2180 2181 2182 2333 2427 3239 3244 3245 3246 3490 3491 3539 3811 3822 3825 3898 3899 3900 4584 4953 4954 4955 5160 5164 5165 5184 5185 5186 5908 5909 5910 5984 6004 6022 6023 6024 6025 6026 6027 6576 6577 6578 6579 6580 6581 6582 6583 6584 6585 6586 6587 6588 6720 6721 7186 7187 7188 
        domina a restricao RW000316

Restricao 318, 1 novos cliques
    Original (78): 52 397 398 401 405 406 781 787 788 789 795 796 817 1441 1785 1786 1787 1790 1792 2072 2076 2181 2182 2191 2192 3245 3246 3316 3491 3539 3547 3825 3902 4589 4956 4958 5187 5548 5554 5573 5574 5908 5915 5926 5993 5994 5995 5996 5997 5998 5999 6012 6013 6014 6015 6025 6026 6027 6047 6063 6064 6065 6066 6557 6558 6559 6560 6561 6562 6580 6592 6594 6597 6601 6723 7191 7192 7193 
    0 (85): 52 397 398 401 405 406 781 787 788 789 795 796 817 1441 1785 1786 1787 1790 1792 2062 2063 2065 2066 2070 2071 2072 2076 2181 2182 2191 2192 2428 3245 3246 3316 3491 3539 3547 3825 3902 4589 4956 4958 5187 5548 5554 5573 5574 5908 5915 5926 5993 5994 5995 5996 5997 5998 5999 6012 6013 6014 6015 6025 6026 6027 6047 6063 6064 6065 6066 6557 6558 6559 6560 6561 6562 6580 6592 6594 6597 6601 6723 7191 7192 7193 
        domina a restricao RW000319

Restricao 323, 1 novos cliques
    Original (77): 53 193 213 214 215 216 217 632 633 634 635 636 1142 1143 1200 1201 1202 1203 1215 1216 1217 1246 1247 1248 1293 1294 1295 1296 1297 1298 1334 1568 2151 3637 3652 3653 3654 3655 3656 3657 3658 3659 3660 3883 4125 4137 4138 4148 4149 4150 4732 5302 5911 5912 6289 6366 6535 6536 6537 6716 6756 6757 6758 6759 6760 6761 6762 6816 6824 6826 6827 6828 6829 6830 6831 6832 6862 
    0 (80): 53 193 213 214 215 216 217 632 633 634 635 636 1142 1143 1200 1201 1202 1203 1215 1216 1217 1246 1247 1248 1293 1294 1295 1296 1297 1298 1334 1568 2151 3414 3421 3423 3637 3652 3653 3654 3655 3656 3657 3658 3659 3660 3883 4125 4137 4138 4148 4149 4150 4732 5302 5911 5912 6289 6366 6535 6536 6537 6716 6756 6757 6758 6759 6760 6761 6762 6816 6824 6826 6827 6828 6829 6830 6831 6832 6862 
        domina a restricao RW000324

Restricao 334, 1 novos cliques
    Original (114): 54 71 96 578 579 588 589 590 607 608 609 610 611 612 661 751 921 922 926 927 928 938 939 942 943 993 994 1464 1912 1913 1914 1915 1916 1938 1950 2067 2556 2557 2564 2565 2859 2900 2901 2902 2903 2932 2933 2938 2939 2941 2942 2943 2946 2947 2950 2951 2952 3015 3024 3025 3258 3355 3493 3497 3630 3631 3632 3633 3634 3663 3664 3673 4066 4067 4082 4083 4084 4085 4086 4090 4091 4092 4096 4097 4102 4109 4113 4116 4117 5204 5607 5795 5797 6000 6001 6002 6008 6017 6018 6019 6020 6021 6160 6501 6734 6741 6742 6763 6764 6771 6772 6775 6776 7185 
    0 (123): 54 71 96 578 579 588 589 590 607 608 609 610 611 612 661 751 887 889 921 922 926 927 928 938 939 942 943 993 994 1464 1912 1913 1914 1915 1916 1938 1950 2067 2556 2557 2564 2565 2849 2853 2858 2859 2900 2901 2902 2903 2932 2933 2938 2939 2940 2941 2942 2943 2944 2945 2946 2947 2950 2951 2952 3015 3024 3025 3258 3355 3493 3497 3630 3631 3632 3633 3634 3660 3663 3664 3673 4066 4067 4082 4083 4084 4085 4086 4090 4091 4092 4096 4097 4102 4109 4113 4116 4117 5204 5607 5795 5797 6000 6001 6002 6008 6017 6018 6019 6020 6021 6160 6501 6734 6741 6742 6763 6764 6771 6772 6775 6776 7185 
        domina a restricao RW000335

Restricao 335, 1 novos cliques
    Original (101): 54 71 96 578 579 588 589 590 607 608 609 610 611 612 661 751 921 922 926 927 928 938 939 942 943 993 994 1464 1912 1913 1914 1915 1916 1938 1950 2067 2556 2557 2564 2565 2932 2933 2938 2939 2941 2942 2943 2946 2947 2950 2951 2952 3024 3025 3258 3355 3630 3631 3632 3633 3634 3663 3664 3673 4086 4091 4092 4097 4102 4113 4116 4117 5204 5607 5795 5797 6000 6001 6002 6008 6017 6018 6019 6020 6021 6160 6501 6735 6741 6742 6751 6752 6759 6760 6764 6767 6768 6771 6772 6775 6776 
    0 (104): 54 71 96 578 579 588 589 590 607 608 609 610 611 612 661 751 921 922 926 927 928 938 939 942 943 993 994 1464 1912 1913 1914 1915 1916 1938 1950 2067 2556 2557 2564 2565 2849 2853 2858 2932 2933 2938 2939 2941 2942 2943 2946 2947 2950 2951 2952 3024 3025 3258 3355 3630 3631 3632 3633 3634 3663 3664 3673 4086 4091 4092 4097 4102 4113 4116 4117 5204 5607 5795 5797 6000 6001 6002 6008 6017 6018 6019 6020 6021 6160 6501 6735 6741 6742 6751 6752 6759 6760 6764 6767 6768 6771 6772 6775 6776 
        domina a restricao RW000336

Restricao 336, 1 novos cliques
    Original (177): 54 193 222 223 224 225 556 557 567 569 570 571 617 641 642 661 1143 1194 1203 1205 1209 1211 1213 1217 1219 1221 1223 1225 1248 1250 1266 1295 1298 1299 1303 1305 1307 1335 1336 1563 1573 1574 2152 3413 3427 3435 3441 3446 3449 3451 3453 3456 3460 3463 3465 3469 3471 3490 3491 3603 3604 3605 3606 3607 3608 3609 3610 3630 3631 3632 3633 3657 3664 3665 3671 3672 3673 3675 3679 3683 3787 3788 3882 3883 3884 3886 3964 3968 3987 3988 4127 4145 4149 4151 4585 4586 4588 4589 4739 4740 4741 4742 4743 4744 4745 4746 5290 5301 5302 5306 5308 5309 5310 5311 5882 5889 5896 5908 5909 5911 5913 5915 5916 5919 5920 5921 5926 6066 6286 6289 6290 6291 6389 6391 6392 6393 6394 6395 6396 6397 6448 6531 6532 6533 6537 6538 6540 6542 6543 6717 6720 6722 6723 6725 6726 6727 6742 6750 6752 6754 6758 6760 6762 6764 6766 6768 6770 6772 6776 7069 7071 7183 7184 7185 7190 7192 7193 
    0 (182): 54 193 222 223 224 225 556 557 567 569 570 571 617 641 642 661 1143 1194 1203 1205 1209 1211 1213 1217 1219 1221 1223 1225 1240 1241 1248 1250 1266 1280 1285 1291 1295 1298 1299 1303 1305 1307 1335 1336 1563 1573 1574 2152 3413 3427 3435 3441 3446 3449 3451 3453 3456 3460 3463 3465 3469 3471 3490 3491 3603 3604 3605 3606 3607 3608 3609 3610 3630 3631 3632 3633 3657 3664 3665 3671 3672 3673 3675 3679 3683 3787 3788 3882 3883 3884 3886 3964 3968 3987 3988 4127 4145 4149 4151 4585 4586 4588 4589 4739 4740 4741 4742 4743 4744 4745 4746 5290 5301 5302 5306 5308 5309 5310 5311 5882 5889 5896 5908 5909 5911 5913 5915 5916 5919 5920 5921 5926 6066 6286 6289 6290 6291 6389 6391 6392 6393 6394 6395 6396 6397 6448 6531 6532 6533 6537 6538 6540 6542 6543 6717 6720 6722 6723 6725 6726 6727 6742 6750 6752 6754 6758 6760 6762 6764 6766 6768 6770 6772 6776 7069 7071 7183 7184 7185 7190 7192 7193 
        domina a restricao RW000337

Restricao 338, 1 novos cliques
    Original (37): 55 1162 1350 1770 1771 1986 1987 1988 1991 1992 1993 3661 3662 3663 3664 3665 3666 3667 3668 3669 3670 3858 3976 3984 3985 3986 3987 4057 5862 6177 6426 6787 6788 6789 6790 6793 6874 
    0 (38): 55 1162 1350 1770 1771 1986 1987 1988 1991 1992 1993 3661 3662 3663 3664 3665 3666 3667 3668 3669 3670 3858 3976 3984 3985 3986 3987 4057 5862 6177 6180 6426 6787 6788 6789 6790 6793 6874 
        domina a restricao RW000339

Restricao 341, 1 novos cliques
    Original (323): 56 127 141 184 185 186 187 188 189 190 264 265 306 307 309 311 315 317 319 321 325 327 330 332 334 446 450 464 467 473 477 503 505 506 507 508 509 556 557 569 570 572 573 601 615 617 626 641 642 650 857 858 1133 1391 1392 1393 1394 1395 1396 1397 1398 1399 1400 1401 1402 1406 1408 1411 1412 1415 1417 1422 1423 1424 1425 1426 1427 1524 1751 1752 1753 1754 1780 1783 2439 2454 2561 2580 2588 2592 2595 2598 2599 2606 2641 2642 2643 2653 2664 2665 2666 2667 2668 2669 2670 2671 2672 2673 2674 2675 2676 2677 2678 2679 2719 2720 3327 3738 3739 3740 3741 3742 3743 3959 3960 4028 4029 4030 4031 4032 4047 4048 4049 4050 4051 4052 4145 4157 4158 4159 4468 4542 4545 4546 4547 4548 4549 4550 4552 4553 4554 4555 4556 4557 4561 4566 4568 4569 4570 4571 4572 4681 4682 4688 4712 4713 4714 4715 4886 4888 4894 4962 4964 4966 4967 4968 4969 4971 4972 4973 4974 4975 4977 4981 4985 4986 4987 4988 4992 4995 4997 4999 5000 5001 5002 5004 5007 5009 5011 5023 5024 5026 5029 5033 5034 5046 5047 5048 5049 5050 5062 5063 5107 5108 5128 5129 5130 5131 5132 5133 5134 5135 5136 5137 5138 5139 5214 5215 5216 5220 5225 5227 5238 5239 5284 5285 5316 5317 5329 5458 5600 5605 5606 5673 5677 5678 5681 5688 5692 5696 5698 5705 5706 5707 5712 5715 5716 5719 5722 5740 5752 5753 5754 5952 5956 5958 5959 5960 5961 5962 5963 5964 5965 5966 5970 5974 5975 5979 6125 6126 6134 6135 6136 6137 6138 6139 6140 6141 6142 6143 6144 6145 6146 6147 6148 6168 6172 6173 6175 6176 6178 6179 6180 6189 6258 6260 6265 6269 6270 6284 6285 6385 6394 6395 6713 6717 6725 6726 6728 6729 6730 6803 6804 
    0 (325): 56 127 141 184 185 186 187 188 189 190 264 265 306 307 309 311 315 317 319 321 325 327 330 332 334 446 450 464 467 473 477 503 505 506 507 508 509 556 557 569 570 572 573 601 615 617 626 641 642 650 857 858 1133 1391 1392 1393 1394 1395 1396 1397 1398 1399 1400 1401 1402 1406 1408 1411 1412 1415 1417 1422 1423 1424 1425 1426 1427 1524 1751 1752 1753 1754 1780 1783 2439 2454 2544 2545 2561 2580 2588 2592 2595 2598 2599 2606 2641 2642 2643 2653 2664 2665 2666 2667 2668 2669 2670 2671 2672 2673 2674 2675 2676 2677 2678 2679 2719 2720 3327 3738 3739 3740 3741 3742 3743 3959 3960 4028 4029 4030 4031 4032 4047 4048 4049 4050 4051 4052 4145 4157 4158 4159 4468 4542 4545 4546 4547 4548 4549 4550 4552 4553 4554 4555 4556 4557 4561 4566 4568 4569 4570 4571 4572 4681 4682 4688 4712 4713 4714 4715 4886 4888 4894 4962 4964 4966 4967 4968 4969 4971 4972 4973 4974 4975 4977 4981 4985 4986 4987 4988 4992 4995 4997 4999 5000 5001 5002 5004 5007 5009 5011 5023 5024 5026 5029 5033 5034 5046 5047 5048 5049 5050 5062 5063 5107 5108 5128 5129 5130 5131 5132 5133 5134 5135 5136 5137 5138 5139 5214 5215 5216 5220 5225 5227 5238 5239 5284 5285 5316 5317 5329 5458 5600 5605 5606 5673 5677 5678 5681 5688 5692 5696 5698 5705 5706 5707 5712 5715 5716 5719 5722 5740 5752 5753 5754 5952 5956 5958 5959 5960 5961 5962 5963 5964 5965 5966 5970 5974 5975 5979 6125 6126 6134 6135 6136 6137 6138 6139 6140 6141 6142 6143 6144 6145 6146 6147 6148 6168 6172 6173 6175 6176 6178 6179 6180 6189 6258 6260 6265 6269 6270 6284 6285 6385 6394 6395 6713 6717 6725 6726 6728 6729 6730 6803 6804 
        domina a restricao RW000342

Restricao 349, 5 novos cliques
    Original (27): 58 337 363 797 798 799 800 1122 1125 1163 1596 1597 2288 2289 3266 3383 3384 3385 4027 4585 4729 4730 4731 6402 6426 7186 7187 
    0 (107): 58 337 363 774 797 798 799 800 808 1111 1112 1118 1119 1122 1125 1128 1129 1130 1131 1163 1168 1175 1176 1180 1595 1596 1597 1602 1603 1604 1614 1615 2077 2078 2079 2080 2097 2098 2099 2288 2289 2309 3087 3088 3089 3091 3092 3266 3383 3384 3385 3958 3959 3960 3961 4013 4019 4020 4025 4027 4542 4585 4591 4729 4730 4731 5457 6133 6137 6138 6139 6151 6152 6153 6300 6301 6302 6402 6425 6426 6428 6430 6432 6773 6774 6884 6885 6890 6891 6893 6894 6895 6897 6898 6899 6901 6902 6905 6906 6907 6908 6909 6910 7186 7187 7189 7190 
        domina a restricao RW000350

    1 (52): 58 337 363 797 798 799 800 1122 1125 1163 1596 1597 2288 2289 3089 3092 3266 3383 3384 3385 3957 3958 3960 4020 4024 4025 4027 4585 4591 4729 4730 4731 6138 6152 6301 6402 6426 6428 6430 6432 6774 6884 6890 6891 6895 6898 6901 6902 6907 6909 7186 7187 

    2 (48): 58 337 363 797 798 799 800 1122 1125 1163 1596 1597 2288 2289 2795 3266 3383 3384 3385 3955 3956 3957 3958 4021 4022 4023 4024 4025 4026 4027 4541 4585 4729 4730 4731 6400 6401 6402 6409 6411 6426 6430 6431 6432 6883 6884 7186 7187 

    3 (46): 58 337 363 797 798 799 800 1122 1125 1163 1596 1597 2288 2289 3266 3383 3384 3385 3955 3956 3957 3958 4021 4022 4023 4024 4025 4026 4027 4585 4729 4730 4731 6400 6402 6426 6430 6432 6883 6884 6890 6891 6901 6902 7186 7187 

    4 (45): 58 337 363 797 798 799 800 1111 1118 1122 1125 1129 1131 1163 1596 1597 2288 2289 3266 3383 3384 3385 3956 3958 3959 4013 4023 4025 4027 4585 4729 4730 4731 6402 6426 6430 6432 6884 6890 6891 6901 6902 7186 7187 7189 

Restricao 355, 1 novos cliques
    Original (128): 59 130 136 145 158 159 160 161 162 163 169 170 171 172 173 278 281 282 283 284 294 295 296 411 426 427 561 1092 1323 1324 1436 1437 1479 1480 1481 1860 1870 1871 1872 1873 2199 2204 2727 2728 2730 2963 2967 2982 2983 2984 2985 2990 2991 2992 2993 3183 3289 3290 3291 3292 3377 3378 3388 3389 3784 3826 3945 3946 3947 3948 3949 4156 4705 4706 4707 4708 4841 5018 5019 5020 5021 5052 5053 5054 5055 5056 5057 5058 5059 5060 5085 5086 5087 5088 5089 5090 5105 5106 5492 5504 5505 5506 5507 5508 5509 5510 5517 5653 6009 6010 6011 6030 6031 6032 6036 6049 6275 6276 6565 6566 6575 6595 6596 6652 6897 6898 6908 6909 
    0 (160): 59 130 136 145 158 159 160 161 162 163 169 170 171 172 173 278 281 282 283 284 294 295 296 411 426 427 561 1092 1323 1324 1436 1437 1479 1480 1481 1860 1868 1870 1871 1872 1873 2199 2204 2727 2728 2730 2963 2967 2982 2983 2984 2985 2990 2991 2992 2993 3183 3289 3290 3291 3292 3377 3378 3388 3389 3784 3826 3945 3946 3947 3948 3949 4156 4705 4706 4707 4708 4841 4987 4994 5006 5018 5019 5020 5021 5045 5052 5053 5054 5055 5056 5057 5058 5059 5060 5085 5086 5087 5088 5089 5090 5105 5106 5129 5130 5131 5132 5133 5139 5492 5504 5505 5506 5507 5508 5509 5510 5517 5653 5983 5987 5990 5995 6000 6005 6009 6010 6011 6018 6030 6031 6032 6036 6040 6041 6042 6049 6256 6264 6267 6268 6275 6276 6544 6547 6550 6553 6554 6559 6565 6566 6568 6575 6595 6596 6652 6897 6898 6908 6909 
        domina a restricao RW000356

Restricao 361, 1 novos cliques
    Original (130): 59 1093 1094 1352 1353 1354 1355 1356 1362 1363 1371 1372 1380 1381 1386 1479 1483 1538 1539 1552 1769 1772 1773 1776 1777 1778 3101 3112 3114 3118 3119 3290 3293 3297 3302 3305 3390 3394 3515 3517 3785 3786 3787 3790 3792 3793 3794 3818 3819 3825 3830 3831 3832 3833 3837 3840 3946 4065 4153 4157 4161 4686 4703 4705 4716 4717 4835 5033 5035 5039 5041 5043 5049 5055 5057 5061 5062 5069 5071 5073 5075 5079 5081 5083 5087 5091 5099 5101 5103 5107 5111 5113 5115 5117 5119 5120 5122 5124 5126 5128 5131 5143 5145 5147 5148 5149 5151 5152 5154 5505 5511 5519 5655 5660 5661 5662 6012 6028 6029 6261 6263 6575 6588 6599 6656 6889 6892 6896 6900 6903 
    0 (141): 59 1093 1094 1352 1353 1354 1355 1356 1362 1363 1371 1372 1380 1381 1386 1479 1483 1538 1539 1552 1769 1770 1771 1772 1773 1776 1777 1778 3101 3112 3114 3118 3119 3290 3293 3297 3302 3305 3390 3394 3515 3517 3785 3786 3787 3790 3792 3793 3794 3818 3819 3825 3830 3831 3832 3833 3837 3840 3946 4065 4153 4157 4161 4686 4703 4705 4716 4717 4812 4827 4829 4835 4836 5033 5035 5039 5041 5043 5049 5055 5057 5061 5062 5069 5071 5073 5075 5079 5081 5083 5087 5091 5099 5101 5103 5107 5111 5113 5115 5117 5119 5120 5122 5124 5126 5128 5131 5143 5145 5147 5148 5149 5151 5152 5154 5505 5511 5519 5645 5646 5647 5655 5660 5661 5662 6012 6028 6029 6261 6263 6545 6546 6575 6588 6599 6656 6889 6892 6896 6900 6903 
        domina a restricao RW000362

Restricao 369, 1 novos cliques
    Original (137): 61 668 1515 1518 2100 2112 2113 2114 2115 2116 2117 2118 2119 2120 2121 2122 2123 2124 2125 2182 2732 2755 2756 2757 2758 3101 3102 3106 3110 3112 3188 3189 3191 3199 3200 3202 3204 3206 3208 3211 3212 3227 3238 3239 3240 3241 3242 3244 3249 3250 3251 3253 3482 3541 3542 3543 4076 4077 4078 4099 4100 4104 4112 4113 4115 4119 4353 4354 4417 4422 4488 4491 4492 4497 4500 4507 4599 4611 4626 4628 4632 4636 4639 4779 4780 4790 4793 4796 4797 4866 4867 4868 4873 4874 4876 4879 4881 5009 5010 5032 5078 5098 5117 5118 5119 5120 5121 5122 5123 5124 5125 5126 5127 5228 5229 5230 5231 5232 5447 5660 5661 5872 6299 6303 6309 6310 6311 6470 6471 6843 6844 6845 6846 6847 6848 6849 6851 
    0 (138): 61 668 1515 1518 2100 2112 2113 2114 2115 2116 2117 2118 2119 2120 2121 2122 2123 2124 2125 2182 2732 2755 2756 2757 2758 3101 3102 3106 3110 3112 3188 3189 3191 3199 3200 3202 3204 3206 3208 3211 3212 3227 3238 3239 3240 3241 3242 3244 3249 3250 3251 3253 3482 3541 3542 3543 4076 4077 4078 4099 4100 4104 4112 4113 4115 4119 4353 4354 4417 4422 4488 4491 4492 4497 4500 4501 4507 4599 4611 4626 4628 4632 4636 4639 4779 4780 4790 4793 4796 4797 4866 4867 4868 4873 4874 4876 4879 4881 5009 5010 5032 5078 5098 5117 5118 5119 5120 5121 5122 5123 5124 5125 5126 5127 5228 5229 5230 5231 5232 5447 5660 5661 5872 6299 6303 6309 6310 6311 6470 6471 6843 6844 6845 6846 6847 6848 6849 6851 
        domina a restricao RW000370

Restricao 377, 1 novos cliques
    Original (91): 62 220 222 223 238 239 240 450 451 452 453 495 502 504 510 856 1658 2160 2161 2162 2405 2422 2701 2707 2959 2968 2972 2973 2986 2997 2998 2999 3000 3001 3326 3561 3562 4198 4199 4200 4201 4213 4215 4476 4477 4478 4479 4502 4505 4586 4721 4722 4735 4736 4737 4740 4741 4742 4743 4747 4749 4750 4751 4756 4757 4761 4762 4892 4905 4928 4929 4950 4954 4959 5640 5642 6442 6443 6653 6796 6798 6804 6808 6833 6834 6835 6852 6966 6967 6974 6975 
    0 (148): 62 220 222 223 224 238 239 240 241 450 451 452 453 495 502 504 510 856 860 861 862 864 880 1658 1659 1660 1661 1662 2160 2161 2162 2163 2355 2356 2357 2358 2359 2366 2367 2368 2369 2375 2405 2416 2417 2418 2419 2420 2422 2701 2707 2739 2959 2968 2972 2973 2986 2997 2998 2999 3000 3001 3321 3326 3561 3562 4198 4199 4200 4201 4213 4215 4223 4224 4225 4476 4477 4478 4479 4502 4505 4586 4721 4722 4734 4735 4736 4737 4738 4739 4740 4741 4742 4743 4744 4745 4746 4747 4749 4750 4751 4752 4756 4757 4761 4762 4763 4892 4893 4905 4928 4929 4950 4954 4959 5341 5640 5642 6439 6440 6442 6443 6444 6653 6796 6798 6802 6804 6808 6810 6826 6827 6828 6833 6834 6835 6836 6837 6838 6852 6966 6967 6968 6969 6971 6972 6974 6975 
        domina a restricao RW000378

Restricao 380, 1 novos cliques
    Original (72): 62 207 208 232 233 235 237 240 243 244 246 449 452 469 471 475 479 483 501 1853 2400 2729 3086 3562 4198 4199 4202 4221 4222 4586 4588 4589 4727 4753 4754 4755 4756 4757 4760 4764 4888 5355 5638 5639 6439 6441 6442 6443 6444 6650 6651 6652 6796 6798 6804 6807 6808 6809 6818 6819 6820 6821 6822 6823 6842 6849 6850 6851 6852 6961 6971 6972 
    0 (73): 62 207 208 232 233 235 237 240 243 244 246 449 452 469 471 475 479 483 501 1853 2400 2729 3086 3562 4198 4199 4202 4221 4222 4586 4588 4589 4727 4753 4754 4755 4756 4757 4760 4764 4888 5355 5638 5639 5640 6439 6441 6442 6443 6444 6650 6651 6652 6796 6798 6804 6807 6808 6809 6818 6819 6820 6821 6822 6823 6842 6849 6850 6851 6852 6961 6971 6972 
        domina a restricao RW000381

Restricao 395, 1 novos cliques
    Original (163): 65 74 123 139 140 150 177 178 179 180 181 182 183 262 263 854 855 1019 1020 1021 1022 1028 1030 1037 1052 1062 1063 1069 1070 1151 1174 1180 1181 1182 1183 1184 1185 1189 1447 1860 1861 1875 1876 1877 2215 2216 2217 2218 2219 2246 2247 2248 2294 2295 2296 2297 2298 2299 2300 2301 2302 2303 2304 2305 2306 2307 2308 2354 2365 2404 2414 2415 2530 2532 2535 2540 2541 2542 2543 3067 3070 3071 3082 3083 3086 3094 3101 3113 3114 3116 3260 3274 3500 3828 3891 3892 3893 3899 3901 3903 4318 4544 4545 4560 4568 4872 4876 4877 5198 5205 5206 5207 5244 5279 5280 5549 5550 5551 5552 5553 5555 5556 5557 5558 5559 5560 5561 5562 5563 5576 5581 5582 5583 5584 5585 6070 6071 6072 6073 6084 6435 6472 6473 6474 6613 6627 6635 6636 7120 7121 7122 7123 7124 7125 7126 7127 7148 7151 7153 7167 7173 7176 7177 
    0 (168): 65 74 123 139 140 150 177 178 179 180 181 182 183 262 263 854 855 1019 1020 1021 1022 1028 1030 1037 1052 1062 1063 1069 1070 1151 1174 1180 1181 1182 1183 1184 1185 1189 1447 1860 1861 1875 1876 1877 2215 2216 2217 2218 2219 2246 2247 2248 2294 2295 2296 2297 2298 2299 2300 2301 2302 2303 2304 2305 2306 2307 2308 2354 2365 2404 2414 2415 2530 2532 2535 2540 2541 2542 2543 3067 3070 3071 3082 3083 3086 3094 3101 3113 3114 3116 3260 3274 3500 3828 3891 3892 3893 3899 3901 3903 4318 4544 4545 4560 4568 4569 4872 4876 4877 5198 5199 5200 5201 5205 5206 5207 5244 5279 5280 5549 5550 5551 5552 5553 5555 5556 5557 5558 5559 5560 5561 5562 5563 5576 5581 5582 5583 5584 5585 6070 6071 6072 6073 6084 6086 6435 6472 6473 6474 6613 6627 6635 6636 7120 7121 7122 7123 7124 7125 7126 7127 7148 7151 7153 7167 7173 7176 7177 
        domina a restricao RW000396

Restricao 396, 1 novos cliques
    Original (149): 65 74 123 139 140 150 177 178 179 180 181 182 183 262 263 854 855 1019 1020 1021 1022 1028 1030 1037 1042 1045 1049 1052 1058 1059 1062 1063 1069 1151 1174 1180 1181 1182 1183 1184 1185 1189 1447 1860 1875 1876 1877 2215 2216 2217 2218 2219 2246 2247 2248 2294 2295 2296 2297 2298 2299 2300 2301 2302 2303 2304 2305 2306 2307 2308 2354 2365 2404 2414 2415 2530 2532 2535 2540 2541 2542 2543 3067 3070 3082 3083 3086 3113 3114 3116 3260 3500 3891 3892 3893 3899 3901 3903 4544 4560 4568 4569 5205 5206 5207 5244 5279 5280 5549 5550 5551 5552 5553 5555 5556 5557 5558 5559 5560 5561 5562 5563 5576 5581 5582 5583 5584 5585 6070 6071 6072 6073 6084 6435 6472 6473 6474 6613 6627 6635 6636 7120 7121 7122 7123 7153 7173 7176 7177 
    0 (154): 65 74 123 139 140 150 177 178 179 180 181 182 183 262 263 854 855 1019 1020 1021 1022 1028 1030 1037 1042 1045 1049 1052 1058 1059 1062 1063 1069 1151 1174 1180 1181 1182 1183 1184 1185 1189 1447 1860 1875 1876 1877 2215 2216 2217 2218 2219 2246 2247 2248 2294 2295 2296 2297 2298 2299 2300 2301 2302 2303 2304 2305 2306 2307 2308 2354 2365 2404 2414 2415 2530 2532 2535 2540 2541 2542 2543 3067 3070 3082 3083 3086 3113 3114 3116 3260 3500 3891 3892 3893 3899 3901 3903 4544 4560 4568 4569 5198 5199 5200 5201 5205 5206 5207 5244 5279 5280 5549 5550 5551 5552 5553 5555 5556 5557 5558 5559 5560 5561 5562 5563 5576 5581 5582 5583 5584 5585 6070 6071 6072 6073 6084 6086 6435 6472 6473 6474 6613 6627 6635 6636 7120 7121 7122 7123 7153 7173 7176 7177 
        domina a restricao RW000397
        domina a restricao RW000398

Restricao 402, 1 novos cliques
    Original (3): 66 3792 4582 
    0 (4): 66 3792 3949 4582 
        domina a restricao RW000403

Restricao 406, 3 novos cliques
    Original (58): 67 195 196 224 225 226 234 241 242 808 809 823 864 869 1604 1615 1649 1681 1682 1700 2157 2159 2161 2162 2431 2696 2697 2754 2756 2757 2759 2780 2789 3191 3192 3380 4027 4390 4391 4392 4393 4394 4401 4423 4765 5051 5156 5157 5208 5312 5313 5473 5895 5896 5939 5940 5945 6874 
    0 (68): 67 195 196 224 225 226 234 241 242 808 809 823 864 869 1604 1615 1649 1681 1682 1699 1700 1709 2157 2159 2161 2162 2431 2696 2697 2754 2756 2757 2759 2769 2780 2789 3032 3191 3192 3380 3394 3395 3396 3397 4027 4390 4391 4392 4393 4394 4401 4423 4765 5051 5140 5156 5157 5208 5312 5313 5473 5895 5896 5939 5940 5945 5947 6874 
        domina a restricao RW000407

    1 (64): 67 195 196 224 225 226 234 241 242 808 809 823 864 869 1604 1615 1649 1676 1681 1682 1697 1699 1700 1709 2157 2159 2161 2162 2431 2696 2697 2754 2756 2757 2759 2769 2780 2789 3032 3191 3192 3380 4027 4390 4391 4392 4393 4394 4401 4423 4765 5051 5156 5157 5208 5312 5313 5473 5895 5896 5939 5940 5945 6874 

    2 (74): 67 195 196 224 225 226 234 241 242 799 803 808 809 815 819 823 828 864 869 1604 1615 1649 1676 1681 1682 1693 1694 1697 1699 1700 1709 2157 2159 2161 2162 2431 2696 2697 2754 2756 2757 2759 2780 2789 3032 3191 3192 3376 3380 3381 3389 4027 4390 4391 4392 4393 4394 4401 4423 4765 5051 5156 5157 5208 5312 5313 5473 5895 5896 5939 5940 5945 6447 6874 
        domina a restricao RW000408

Restricao 418, 1 novos cliques
    Original (108): 69 249 251 252 263 265 266 2330 2331 2334 2335 2801 2802 2814 2815 2816 2817 3331 3332 3884 3889 3921 3922 3923 3924 3925 3926 3927 3928 3934 3939 3940 3941 3943 3944 3975 3976 3990 3991 4061 4145 4146 4147 4159 4163 4228 4231 4334 4511 4512 4526 4527 4528 4535 4536 4538 4539 4540 4617 4618 4822 4823 4824 4825 4826 4840 5169 5175 5176 5177 5178 5179 5180 5181 5182 5188 5189 5193 5454 5455 5471 5478 5862 6003 6004 6024 6125 6126 6134 6135 6149 6150 6287 6316 6317 6318 6366 6456 6457 6458 6459 6460 6461 6462 6466 6469 6472 6473 
    0 (109): 69 249 251 252 263 265 266 2330 2331 2334 2335 2801 2802 2814 2815 2816 2817 3331 3332 3884 3889 3921 3922 3923 3924 3925 3926 3927 3928 3934 3939 3940 3941 3943 3944 3975 3976 3990 3991 4061 4145 4146 4147 4159 4163 4228 4231 4334 4511 4512 4526 4527 4528 4535 4536 4538 4539 4540 4617 4618 4822 4823 4824 4825 4826 4840 5169 5175 5176 5177 5178 5179 5180 5181 5182 5188 5189 5191 5193 5454 5455 5471 5478 5862 6003 6004 6024 6125 6126 6134 6135 6149 6150 6287 6316 6317 6318 6366 6456 6457 6458 6459 6460 6461 6462 6466 6469 6472 6473 
        domina a restricao RW000419

Restricao 425, 1 novos cliques
    Original (106): 70 337 364 367 368 370 371 372 373 788 795 801 804 817 818 820 821 822 826 827 1036 1056 1067 1072 1076 1124 1584 1596 1600 1605 1608 1610 1616 2079 2086 2098 2235 2256 2257 2265 2266 2272 2273 2279 2280 2286 2287 2296 2298 2301 2304 2310 2311 2312 2314 2316 2318 2319 2320 2845 2860 2861 2862 2863 2864 2866 2867 2868 2869 2895 2896 2899 2906 2916 2920 2926 2928 2934 2954 2974 2983 2987 2990 2994 2998 3002 3003 3289 3296 3301 3304 3501 3590 4235 4237 4283 4284 4289 4295 4317 6649 6654 6655 6785 6865 6867 
    0 (108): 70 337 364 367 368 370 371 372 373 788 795 801 804 817 818 820 821 822 826 827 1036 1056 1067 1072 1076 1124 1162 1584 1596 1600 1605 1608 1610 1616 2079 2086 2098 2235 2256 2257 2265 2266 2272 2273 2279 2280 2286 2287 2296 2298 2301 2304 2310 2311 2312 2314 2316 2318 2319 2320 2845 2860 2861 2862 2863 2864 2866 2867 2868 2869 2895 2896 2899 2906 2916 2920 2926 2928 2934 2954 2974 2983 2987 2990 2994 2998 3002 3003 3289 3296 3301 3304 3501 3590 4235 4237 4283 4284 4289 4295 4317 6649 6654 6655 6785 6856 6865 6867 
        domina a restricao RW000426



Restricoes removidas:   68
Restricoes adicionadas: 131

Tempo execucao: 768.642ms(Total: 237478ms)
