Restricao 1658, 1 novos cliques
    Original (5): 427 7000 7038 9902 9933 
    0 (7): 271 427 7000 7038 9902 9933 9964 
        domina a restricao clq2

Restricao 1672, 1 novos cliques
    Original (9): 1204 3158 3287 3416 3764 7812 7920 8028 8352 
    0 (12): 1204 1290 3158 3287 3364 3416 3764 7812 7920 7992 8028 8352 
        domina a restricao clq16

Restricao 1687, 1 novos cliques
    Original (21): 1511 1565 1608 1642 1739 1793 1836 1870 1967 2021 2064 2098 2143 2186 2220 2251 2280 2309 2338 2367 2396 
    0 (22): 1511 1565 1608 1642 1739 1793 1836 1870 1967 2021 2064 2098 2143 2186 2220 2251 2280 2309 2338 2367 2396 4181 
        domina a restricao clq31

Restricao 1688, 1 novos cliques
    Original (21): 3911 3956 4001 4046 4091 4136 4181 4226 4271 4316 4361 4406 4451 4496 4541 4586 4631 4676 4721 4766 4811 
    0 (22): 1836 3911 3956 4001 4046 4091 4136 4181 4226 4271 4316 4361 4406 4451 4496 4541 4586 4631 4676 4721 4766 4811 
        domina a restricao clq32

Restricao 1698, 1 novos cliques
    Original (18): 8487 8522 8557 8592 8627 8662 8697 8732 8767 8802 8837 8872 8907 8942 8977 9012 9047 9082 
    0 (20): 5266 5421 8487 8522 8557 8592 8627 8662 8697 8732 8767 8802 8837 8872 8907 8942 8977 9012 9047 9082 
        domina a restricao clq42

Restricao 1704, 1 novos cliques
    Original (4): 132 173 3534 3614 
    0 (5): 132 173 346 3534 3614 
        domina a restricao clq48

Restricao 1705, 1 novos cliques
    Original (4): 173 214 3614 3694 
    0 (5): 173 214 346 3614 3694 
        domina a restricao clq49

Restricao 1706, 1 novos cliques
    Original (5): 273 304 3147 3276 3405 
    0 (6): 68 273 304 3147 3276 3405 
        domina a restricao clq50

Restricao 1711, 1 novos cliques
    Original (5): 426 6992 7030 9916 9947 
    0 (7): 270 426 6992 7030 9916 9947 9978 
        domina a restricao clq55

Restricao 1716, 1 novos cliques
    Original (9): 1191 7804 7912 8020 8344 10004 10059 10114 10254 
    0 (12): 1191 1305 7804 7912 7984 8020 8344 10004 10059 10094 10114 10254 
        domina a restricao clq60

Restricao 1735, 1 novos cliques
    Original (18): 4996 5037 5110 5151 5192 5257 5298 5371 5412 5453 5518 5559 5632 5673 5714 6115 6156 6197 
    0 (20): 4996 5037 5110 5151 5192 5257 5298 5371 5412 5453 5518 5559 5632 5673 5714 6115 6156 6197 8654 8759 
        domina a restricao clq79

Restricao 1738, 1 novos cliques
    Original (7): 5037 5298 5559 8514 8689 8864 9731 
    0 (8): 5037 5298 5559 8514 8689 8864 9632 9731 
        domina a restricao clq82

Restricao 1742, 1 novos cliques
    Original (18): 8479 8514 8549 8584 8619 8654 8689 8724 8759 8794 8829 8864 8899 8934 8969 9004 9039 9074 
    0 (20): 5257 5412 8479 8514 8549 8584 8619 8654 8689 8724 8759 8794 8829 8864 8899 8934 8969 9004 9039 9074 
        domina a restricao clq86

Restricao 1752, 1 novos cliques
    Original (21): 1512 1566 1623 1657 1740 1794 1851 1885 1968 2022 2079 2113 2144 2201 2235 2264 2293 2322 2351 2380 2409 
    0 (22): 1512 1566 1623 1657 1740 1794 1851 1885 1968 2022 2079 2113 2144 2201 2235 2264 2293 2322 2351 2380 2409 4172 
        domina a restricao clq96

Restricao 1753, 1 novos cliques
    Original (21): 3902 3947 3992 4037 4082 4127 4172 4217 4262 4307 4352 4397 4442 4487 4532 4577 4622 4667 4712 4757 4802 
    0 (22): 1851 3902 3947 3992 4037 4082 4127 4172 4217 4262 4307 4352 4397 4442 4487 4532 4577 4622 4667 4712 4757 4802 
        domina a restricao clq97

Restricao 1758, 1 novos cliques
    Original (5): 122 163 1336 10179 10211 
    0 (6): 122 163 335 1336 10179 10211 
        domina a restricao clq102

Restricao 1759, 1 novos cliques
    Original (5): 163 204 1336 10211 10243 
    0 (6): 163 204 335 1336 10211 10243 
        domina a restricao clq103

Restricao 1760, 1 novos cliques
    Original (5): 294 1192 10014 10069 10124 
    0 (6): 60 294 1192 10014 10069 10124 
        domina a restricao clq104

Restricao 1762, 1 novos cliques
    Original (3): 1192 1247 1336 
    0 (6): 1192 1247 1336 10037 10092 10147 
        domina a restricao clq106

Restricao 1763, 1 novos cliques
    Original (9): 10014 10037 10069 10092 10124 10147 10179 10211 10243 
    0 (10): 1247 10014 10037 10069 10092 10124 10147 10179 10211 10243 
        domina a restricao clq107

Restricao 1777, 1 novos cliques
    Original (5): 425 6994 7032 9915 9946 
    0 (7): 269 425 6994 7032 9915 9946 9977 
        domina a restricao clq121

Restricao 1786, 1 novos cliques
    Original (21): 1514 1568 1622 1656 1742 1796 1850 1884 1970 2024 2078 2112 2146 2200 2234 2263 2292 2321 2350 2379 2408 
    0 (22): 1514 1568 1622 1656 1742 1796 1850 1884 1970 2024 2078 2112 2146 2200 2234 2263 2292 2321 2350 2379 2408 4173 
        domina a restricao clq130

Restricao 1787, 1 novos cliques
    Original (21): 3903 3948 3993 4038 4083 4128 4173 4218 4263 4308 4353 4398 4443 4488 4533 4578 4623 4668 4713 4758 4803 
    0 (22): 1850 3903 3948 3993 4038 4083 4128 4173 4218 4263 4308 4353 4398 4443 4488 4533 4578 4623 4668 4713 4758 4803 
        domina a restricao clq131

Restricao 1797, 1 novos cliques
    Original (18): 8480 8515 8550 8585 8620 8655 8690 8725 8760 8795 8830 8865 8900 8935 8970 9005 9040 9075 
    0 (20): 5258 5413 8480 8515 8550 8585 8620 8655 8690 8725 8760 8795 8830 8865 8900 8935 8970 9005 9040 9075 
        domina a restricao clq141

Restricao 1802, 1 novos cliques
    Original (9): 1193 7805 7913 8021 8345 10013 10068 10123 10255 
    0 (12): 1193 1304 7805 7913 7985 8021 8345 10013 10068 10095 10123 10255 
        domina a restricao clq146

Restricao 1812, 1 novos cliques
    Original (4): 133 174 3536 3616 
    0 (5): 133 174 347 3536 3616 
        domina a restricao clq156

Restricao 1813, 1 novos cliques
    Original (4): 174 215 3616 3696 
    0 (5): 174 215 347 3616 3696 
        domina a restricao clq157

Restricao 1814, 1 novos cliques
    Original (5): 274 305 3149 3278 3407 
    0 (6): 61 274 305 3149 3278 3407 
        domina a restricao clq158

Restricao 1831, 1 novos cliques
    Original (5): 424 6996 7034 9914 9945 
    0 (7): 268 424 6996 7034 9914 9945 9976 
        domina a restricao clq175

Restricao 1834, 1 novos cliques
    Original (8): 3150 3279 3408 3777 7806 7914 8022 8346 
    0 (10): 3150 3279 3377 3408 3777 7806 7914 7986 8022 8346 
        domina a restricao clq178

Restricao 1849, 1 novos cliques
    Original (21): 1515 1569 1621 1655 1743 1797 1849 1883 1971 2025 2077 2111 2147 2199 2233 2262 2291 2320 2349 2378 2407 
    0 (22): 1515 1569 1621 1655 1743 1797 1849 1883 1971 2025 2077 2111 2147 2199 2233 2262 2291 2320 2349 2378 2407 4175 
        domina a restricao clq193

Restricao 1850, 1 novos cliques
    Original (21): 3905 3950 3995 4040 4085 4130 4175 4220 4265 4310 4355 4400 4445 4490 4535 4580 4625 4670 4715 4760 4805 
    0 (22): 1849 3905 3950 3995 4040 4085 4130 4175 4220 4265 4310 4355 4400 4445 4490 4535 4580 4625 4670 4715 4760 4805 
        domina a restricao clq194

Restricao 1852, 1 novos cliques
    Original (18): 4998 5039 5112 5153 5194 5259 5300 5373 5414 5455 5520 5561 5634 5675 5716 6117 6158 6199 
    0 (20): 4998 5039 5112 5153 5194 5259 5300 5373 5414 5455 5520 5561 5634 5675 5716 6117 6158 6199 8656 8761 
        domina a restricao clq196

Restricao 1855, 1 novos cliques
    Original (7): 5039 5300 5561 8516 8691 8866 9729 
    0 (8): 5039 5300 5561 8516 8691 8866 9630 9729 
        domina a restricao clq199

Restricao 1859, 1 novos cliques
    Original (18): 8481 8516 8551 8586 8621 8656 8691 8726 8761 8796 8831 8866 8901 8936 8971 9006 9041 9076 
    0 (20): 5259 5414 8481 8516 8551 8586 8621 8656 8691 8726 8761 8796 8831 8866 8901 8936 8971 9006 9041 9076 
        domina a restricao clq203

Restricao 1864, 1 novos cliques
    Original (9): 1194 3151 3280 3409 3776 7807 7915 8023 8347 
    0 (12): 1194 1303 3151 3280 3376 3409 3776 7807 7915 7987 8023 8347 
        domina a restricao clq208

Restricao 1874, 1 novos cliques
    Original (5): 134 175 1339 3539 3619 
    0 (6): 134 175 348 1339 3539 3619 
        domina a restricao clq218

Restricao 1875, 1 novos cliques
    Original (5): 175 216 1339 3619 3699 
    0 (6): 175 216 348 1339 3619 3699 
        domina a restricao clq219

Restricao 1876, 1 novos cliques
    Original (5): 306 1195 3152 3281 3410 
    0 (6): 62 306 1195 3152 3281 3410 
        domina a restricao clq220

Restricao 1878, 1 novos cliques
    Original (3): 1195 1250 1339 
    0 (6): 1195 1250 1339 3201 3330 3459 
        domina a restricao clq222

Restricao 1879, 1 novos cliques
    Original (9): 3152 3201 3281 3330 3410 3459 3539 3619 3699 
    0 (10): 1250 3152 3201 3281 3330 3410 3459 3539 3619 3699 
        domina a restricao clq223

Restricao 1888, 1 novos cliques
    Original (18): 8482 8517 8552 8587 8622 8657 8692 8727 8762 8797 8832 8867 8902 8937 8972 9007 9042 9077 
    0 (20): 5260 5415 8482 8517 8552 8587 8622 8657 8692 8727 8762 8797 8832 8867 8902 8937 8972 9007 9042 9077 
        domina a restricao clq232

Restricao 1892, 1 novos cliques
    Original (5): 423 6997 7035 9913 9944 
    0 (7): 267 423 6997 7035 9913 9944 9975 
        domina a restricao clq236

Restricao 1906, 1 novos cliques
    Original (5): 135 176 1340 3540 3620 
    0 (6): 135 176 349 1340 3540 3620 
        domina a restricao clq250

Restricao 1907, 1 novos cliques
    Original (5): 176 217 1340 3620 3700 
    0 (6): 176 217 349 1340 3620 3700 
        domina a restricao clq251

Restricao 1908, 1 novos cliques
    Original (5): 307 1196 3153 3282 3411 
    0 (6): 63 307 1196 3153 3282 3411 
        domina a restricao clq252

Restricao 1910, 1 novos cliques
    Original (3): 1196 1251 1340 
    0 (6): 1196 1251 1340 3202 3331 3460 
        domina a restricao clq254

Restricao 1911, 1 novos cliques
    Original (9): 3153 3202 3282 3331 3411 3460 3540 3620 3700 
    0 (10): 1251 3153 3202 3282 3331 3411 3460 3540 3620 3700 
        domina a restricao clq255

Restricao 1916, 1 novos cliques
    Original (9): 1197 7808 7916 8024 8348 10012 10067 10122 10256 
    0 (12): 1197 1302 7808 7916 7988 8024 8348 10012 10067 10096 10122 10256 
        domina a restricao clq260

Restricao 1931, 1 novos cliques
    Original (21): 1517 1571 1620 1654 1745 1799 1848 1882 1973 2027 2076 2110 2149 2198 2232 2261 2290 2319 2348 2377 2406 
    0 (22): 1517 1571 1620 1654 1745 1799 1848 1882 1973 2027 2076 2110 2149 2198 2232 2261 2290 2319 2348 2377 2406 4176 
        domina a restricao clq275

Restricao 1932, 1 novos cliques
    Original (21): 3906 3951 3996 4041 4086 4131 4176 4221 4266 4311 4356 4401 4446 4491 4536 4581 4626 4671 4716 4761 4806 
    0 (22): 1848 3906 3951 3996 4041 4086 4131 4176 4221 4266 4311 4356 4401 4446 4491 4536 4581 4626 4671 4716 4761 4806 
        domina a restricao clq276

Restricao 1945, 1 novos cliques
    Original (18): 5000 5041 5114 5155 5196 5261 5302 5375 5416 5457 5522 5563 5636 5677 5718 6119 6160 6201 
    0 (20): 5000 5041 5114 5155 5196 5261 5302 5375 5416 5457 5522 5563 5636 5677 5718 6119 6160 6201 8658 8763 
        domina a restricao clq289

Restricao 1948, 1 novos cliques
    Original (7): 5041 5302 5563 8518 8693 8868 9727 
    0 (8): 5041 5302 5563 8518 8693 8868 9628 9727 
        domina a restricao clq292

Restricao 1952, 1 novos cliques
    Original (18): 8483 8518 8553 8588 8623 8658 8693 8728 8763 8798 8833 8868 8903 8938 8973 9008 9043 9078 
    0 (20): 5261 5416 8483 8518 8553 8588 8623 8658 8693 8728 8763 8798 8833 8868 8903 8938 8973 9008 9043 9078 
        domina a restricao clq296

Restricao 1956, 1 novos cliques
    Original (5): 422 6998 7036 9912 9943 
    0 (7): 266 422 6998 7036 9912 9943 9974 
        domina a restricao clq300

Restricao 1959, 1 novos cliques
    Original (4): 3907 4087 4267 7613 
    0 (5): 3907 4087 4267 7433 7613 
        domina a restricao clq303

Restricao 1963, 1 novos cliques
    Original (8): 4447 4492 4537 4582 4627 4672 7505 7541 
    0 (9): 4447 4492 4537 4582 4627 4672 7505 7541 7685 
        domina a restricao clq307

Restricao 1964, 1 novos cliques
    Original (8): 4582 4627 4672 4717 4762 4807 7541 7577 
    0 (9): 4582 4627 4672 4717 4762 4807 7541 7577 7685 
        domina a restricao clq308

Restricao 1969, 1 novos cliques
    Original (5): 137 178 1342 3541 3621 
    0 (6): 137 178 351 1342 3541 3621 
        domina a restricao clq313

Restricao 1970, 1 novos cliques
    Original (5): 178 219 1342 3621 3701 
    0 (6): 178 219 351 1342 3621 3701 
        domina a restricao clq314

Restricao 1971, 1 novos cliques
    Original (5): 309 1198 3154 3283 3412 
    0 (6): 65 309 1198 3154 3283 3412 
        domina a restricao clq315

Restricao 1973, 1 novos cliques
    Original (3): 1198 1253 1342 
    0 (6): 1198 1253 1342 3203 3332 3461 
        domina a restricao clq317

Restricao 1974, 1 novos cliques
    Original (9): 3154 3203 3283 3332 3412 3461 3541 3621 3701 
    0 (10): 1253 3154 3203 3283 3332 3412 3461 3541 3621 3701 
        domina a restricao clq318

Restricao 1978, 1 novos cliques
    Original (9): 1199 3155 3284 3413 3775 7809 7917 8025 8349 
    0 (12): 1199 1301 3155 3284 3375 3413 3775 7809 7917 7989 8025 8349 
        domina a restricao clq322

Restricao 1988, 1 novos cliques
    Original (5): 421 6999 7037 9911 9942 
    0 (7): 265 421 6999 7037 9911 9942 9973 
        domina a restricao clq332

Restricao 1996, 1 novos cliques
    Original (18): 8484 8519 8554 8589 8624 8659 8694 8729 8764 8799 8834 8869 8904 8939 8974 9009 9044 9079 
    0 (20): 5262 5417 8484 8519 8554 8589 8624 8659 8694 8729 8764 8799 8834 8869 8904 8939 8974 9009 9044 9079 
        domina a restricao clq340

Restricao 2001, 1 novos cliques
    Original (9): 1200 7810 7918 8026 8350 10011 10066 10121 10257 
    0 (12): 1200 1300 7810 7918 7990 8026 8350 10011 10066 10097 10121 10257 
        domina a restricao clq345

Restricao 2028, 1 novos cliques
    Original (21): 1519 1573 1619 1653 1747 1801 1847 1881 1975 2029 2075 2109 2151 2197 2231 2260 2289 2318 2347 2376 2405 
    0 (22): 1519 1573 1619 1653 1747 1801 1847 1881 1975 2029 2075 2109 2151 2197 2231 2260 2289 2318 2347 2376 2405 4178 
        domina a restricao clq372

Restricao 2029, 1 novos cliques
    Original (21): 3908 3953 3998 4043 4088 4133 4178 4223 4268 4313 4358 4403 4448 4493 4538 4583 4628 4673 4718 4763 4808 
    0 (22): 1847 3908 3953 3998 4043 4088 4133 4178 4223 4268 4313 4358 4403 4448 4493 4538 4583 4628 4673 4718 4763 4808 
        domina a restricao clq373

Restricao 2034, 1 novos cliques
    Original (5): 139 180 1345 3544 3624 
    0 (6): 139 180 360 1345 3544 3624 
        domina a restricao clq378

Restricao 2035, 1 novos cliques
    Original (5): 180 221 1345 3624 3704 
    0 (6): 180 221 360 1345 3624 3704 
        domina a restricao clq379

Restricao 2036, 1 novos cliques
    Original (5): 311 1201 3157 3286 3415 
    0 (6): 67 311 1201 3157 3286 3415 
        domina a restricao clq380

Restricao 2038, 1 novos cliques
    Original (3): 1201 1256 1345 
    0 (6): 1201 1256 1345 3206 3335 3464 
        domina a restricao clq382

Restricao 2039, 1 novos cliques
    Original (9): 3157 3206 3286 3335 3415 3464 3544 3624 3704 
    0 (10): 1256 3157 3206 3286 3335 3415 3464 3544 3624 3704 
        domina a restricao clq383

Restricao 2042, 1 novos cliques
    Original (5): 420 6991 7029 9910 9941 
    0 (7): 264 420 6991 7029 9910 9941 9972 
        domina a restricao clq386

Restricao 2043, 1 novos cliques
    Original (18): 5002 5043 5116 5157 5198 5263 5304 5377 5418 5459 5524 5565 5638 5679 5720 6121 6162 6203 
    0 (20): 5002 5043 5116 5157 5198 5263 5304 5377 5418 5459 5524 5565 5638 5679 5720 6121 6162 6203 8660 8765 
        domina a restricao clq387

Restricao 2046, 1 novos cliques
    Original (7): 5043 5304 5565 8520 8695 8870 9725 
    0 (8): 5043 5304 5565 8520 8695 8870 9626 9725 
        domina a restricao clq390

Restricao 2050, 1 novos cliques
    Original (18): 8485 8520 8555 8590 8625 8660 8695 8730 8765 8800 8835 8870 8905 8940 8975 9010 9045 9080 
    0 (20): 5263 5418 8485 8520 8555 8590 8625 8660 8695 8730 8765 8800 8835 8870 8905 8940 8975 9010 9045 9080 
        domina a restricao clq394

Restricao 2055, 1 novos cliques
    Original (9): 1202 3146 3275 3404 3773 7811 7919 8027 8351 
    0 (12): 1202 1299 3146 3275 3373 3404 3773 7811 7919 7991 8027 8351 
        domina a restricao clq399

Restricao 2076, 1 novos cliques
    Original (5): 140 181 1347 10175 10207 
    0 (6): 140 181 353 1347 10175 10207 
        domina a restricao clq420

Restricao 2077, 1 novos cliques
    Original (5): 181 222 1347 10207 10239 
    0 (6): 181 222 353 1347 10207 10239 
        domina a restricao clq421

Restricao 2078, 1 novos cliques
    Original (5): 312 1203 10010 10065 10120 
    0 (6): 59 312 1203 10010 10065 10120 
        domina a restricao clq422

Restricao 2080, 1 novos cliques
    Original (3): 1203 1258 1347 
    0 (6): 1203 1258 1347 10033 10088 10143 
        domina a restricao clq424

Restricao 2081, 1 novos cliques
    Original (9): 10010 10033 10065 10088 10120 10143 10175 10207 10239 
    0 (10): 1258 10010 10033 10065 10088 10120 10143 10175 10207 10239 
        domina a restricao clq425

Restricao 2095, 1 novos cliques
    Original (5): 419 7001 7039 9909 9940 
    0 (7): 263 419 7001 7039 9909 9940 9971 
        domina a restricao clq439

Restricao 2109, 1 novos cliques
    Original (9): 1190 3160 3289 3418 3771 7803 7911 8019 8343 
    0 (12): 1190 1298 3160 3289 3371 3418 3771 7803 7911 7983 8019 8343 
        domina a restricao clq453

Restricao 2124, 1 novos cliques
    Original (21): 1521 1575 1618 1652 1749 1803 1846 1880 1977 2031 2074 2108 2153 2196 2230 2259 2288 2317 2346 2375 2404 
    0 (22): 1521 1575 1618 1652 1749 1803 1846 1880 1977 2031 2074 2108 2153 2196 2230 2259 2288 2317 2346 2375 2404 4180 
        domina a restricao clq468

Restricao 2125, 1 novos cliques
    Original (21): 3910 3955 4000 4045 4090 4135 4180 4225 4270 4315 4360 4405 4450 4495 4540 4585 4630 4675 4720 4765 4810 
    0 (22): 1846 3910 3955 4000 4045 4090 4135 4180 4225 4270 4315 4360 4405 4450 4495 4540 4585 4630 4675 4720 4765 4810 
        domina a restricao clq469

Restricao 2135, 1 novos cliques
    Original (18): 8486 8521 8556 8591 8626 8661 8696 8731 8766 8801 8836 8871 8906 8941 8976 9011 9046 9081 
    0 (21): 5224 5264 5419 8486 8521 8556 8591 8626 8661 8696 8731 8766 8801 8836 8871 8906 8941 8976 9011 9046 9081 
        domina a restricao clq479

Restricao 2140, 1 novos cliques
    Original (5): 141 182 1349 10174 10206 
    0 (6): 141 182 354 1349 10174 10206 
        domina a restricao clq484

Restricao 2141, 1 novos cliques
    Original (5): 182 223 1349 10206 10238 
    0 (6): 182 223 354 1349 10206 10238 
        domina a restricao clq485

Restricao 2142, 1 novos cliques
    Original (5): 313 1205 10009 10064 10119 
    0 (6): 69 313 1205 10009 10064 10119 
        domina a restricao clq486

Restricao 2144, 1 novos cliques
    Original (3): 1205 1260 1349 
    0 (6): 1205 1260 1349 10032 10087 10142 
        domina a restricao clq488

Restricao 2145, 1 novos cliques
    Original (9): 10009 10032 10064 10087 10119 10142 10174 10206 10238 
    0 (10): 1260 10009 10032 10064 10087 10119 10142 10174 10206 10238 
        domina a restricao clq489

Restricao 2148, 1 novos cliques
    Original (5): 418 7002 7040 9908 9939 
    0 (7): 262 418 7002 7040 9908 9939 9970 
        domina a restricao clq492

Restricao 2152, 1 novos cliques
    Original (9): 1206 3161 3290 3419 3770 7813 7921 8029 8353 
    0 (12): 1206 1297 3161 3290 3370 3419 3770 7813 7921 7993 8029 8353 
        domina a restricao clq496

Restricao 2169, 1 novos cliques
    Original (18): 5004 5045 5118 5159 5200 5265 5306 5379 5420 5461 5526 5567 5640 5681 5722 6123 6164 6205 
    0 (20): 5004 5045 5118 5159 5200 5265 5306 5379 5420 5461 5526 5567 5640 5681 5722 6123 6164 6205 8653 8758 
        domina a restricao clq513

Restricao 2172, 1 novos cliques
    Original (7): 5045 5306 5567 8513 8688 8863 9723 
    0 (8): 5045 5306 5567 8513 8688 8863 9624 9723 
        domina a restricao clq516

Restricao 2176, 1 novos cliques
    Original (18): 8478 8513 8548 8583 8618 8653 8688 8723 8758 8793 8828 8863 8898 8933 8968 9003 9038 9073 
    0 (20): 5265 5420 8478 8513 8548 8583 8618 8653 8688 8723 8758 8793 8828 8863 8898 8933 8968 9003 9038 9073 
        domina a restricao clq520

Restricao 2180, 1 novos cliques
    Original (4): 3900 4080 4260 7608 
    0 (5): 3900 4080 4260 7428 7608 
        domina a restricao clq524

Restricao 2184, 1 novos cliques
    Original (8): 4440 4485 4530 4575 4620 4665 7500 7536 
    0 (9): 4440 4485 4530 4575 4620 4665 7500 7536 7680 
        domina a restricao clq528

Restricao 2185, 1 novos cliques
    Original (8): 4575 4620 4665 4710 4755 4800 7536 7572 
    0 (9): 4575 4620 4665 4710 4755 4800 7536 7572 7680 
        domina a restricao clq529

Restricao 2190, 1 novos cliques
    Original (5): 142 183 1351 3549 3629 
    0 (6): 142 183 355 1351 3549 3629 
        domina a restricao clq534

Restricao 2191, 1 novos cliques
    Original (5): 183 224 1351 3629 3709 
    0 (6): 183 224 355 1351 3629 3709 
        domina a restricao clq535

Restricao 2192, 1 novos cliques
    Original (5): 314 1207 3162 3291 3420 
    0 (6): 70 314 1207 3162 3291 3420 
        domina a restricao clq536

Restricao 2194, 1 novos cliques
    Original (3): 1207 1262 1351 
    0 (6): 1207 1262 1351 3211 3340 3469 
        domina a restricao clq538

Restricao 2195, 1 novos cliques
    Original (9): 3162 3211 3291 3340 3420 3469 3549 3629 3709 
    0 (10): 1262 3162 3211 3291 3340 3420 3469 3549 3629 3709 
        domina a restricao clq539

Restricao 2209, 1 novos cliques
    Original (5): 417 7003 7041 9907 9938 
    0 (7): 261 417 7003 7041 9907 9938 9969 
        domina a restricao clq553

Restricao 2218, 1 novos cliques
    Original (21): 1510 1564 1617 1651 1738 1792 1845 1879 1966 2020 2073 2107 2142 2195 2229 2258 2287 2316 2345 2374 2403 
    0 (22): 1510 1564 1617 1651 1738 1792 1845 1879 1966 2020 2073 2107 2142 2195 2229 2258 2287 2316 2345 2374 2403 4182 
        domina a restricao clq562

Restricao 2219, 1 novos cliques
    Original (21): 3912 3957 4002 4047 4092 4137 4182 4227 4272 4317 4362 4407 4452 4497 4542 4587 4632 4677 4722 4767 4812 
    0 (22): 1845 3912 3957 4002 4047 4092 4137 4182 4227 4272 4317 4362 4407 4452 4497 4542 4587 4632 4677 4722 4767 4812 
        domina a restricao clq563

Restricao 2224, 1 novos cliques
    Original (5): 143 184 1352 10173 10205 
    0 (6): 143 184 356 1352 10173 10205 
        domina a restricao clq568

Restricao 2225, 1 novos cliques
    Original (5): 184 225 1352 10205 10237 
    0 (6): 184 225 356 1352 10205 10237 
        domina a restricao clq569

Restricao 2226, 1 novos cliques
    Original (5): 315 1208 10008 10063 10118 
    0 (6): 71 315 1208 10008 10063 10118 
        domina a restricao clq570

Restricao 2228, 1 novos cliques
    Original (3): 1208 1263 1352 
    0 (6): 1208 1263 1352 10031 10086 10141 
        domina a restricao clq572

Restricao 2229, 1 novos cliques
    Original (9): 10008 10031 10063 10086 10118 10141 10173 10205 10237 
    0 (10): 1263 10008 10031 10063 10086 10118 10141 10173 10205 10237 
        domina a restricao clq573

Restricao 2237, 1 novos cliques
    Original (18): 8488 8523 8558 8593 8628 8663 8698 8733 8768 8803 8838 8873 8908 8943 8978 9013 9048 9083 
    0 (21): 5225 5256 5411 8488 8523 8558 8593 8628 8663 8698 8733 8768 8803 8838 8873 8908 8943 8978 9013 9048 9083 
        domina a restricao clq581

Restricao 2242, 1 novos cliques
    Original (9): 1209 3163 3292 3421 3769 7814 7922 8030 8354 
    0 (12): 1209 1296 3163 3292 3369 3421 3769 7814 7922 7994 8030 8354 
        domina a restricao clq586

Restricao 2261, 1 novos cliques
    Original (5): 416 7004 7042 9906 9937 
    0 (7): 260 416 7004 7042 9906 9937 9968 
        domina a restricao clq605

Restricao 2264, 1 novos cliques
    Original (4): 3913 4093 4273 7619 
    0 (5): 3913 4093 4273 7439 7619 
        domina a restricao clq608

Restricao 2268, 1 novos cliques
    Original (8): 4453 4498 4543 4588 4633 4678 7511 7547 
    0 (9): 4453 4498 4543 4588 4633 4678 7511 7547 7691 
        domina a restricao clq612

Restricao 2269, 1 novos cliques
    Original (8): 4588 4633 4678 4723 4768 4813 7547 7583 
    0 (9): 4588 4633 4678 4723 4768 4813 7547 7583 7691 
        domina a restricao clq613

Restricao 2271, 1 novos cliques
    Original (18): 5006 5047 5120 5161 5202 5267 5308 5381 5422 5463 5528 5569 5642 5683 5724 6125 6166 6207 
    0 (20): 5006 5047 5120 5161 5202 5267 5308 5381 5422 5463 5528 5569 5642 5683 5724 6125 6166 6207 8664 8769 
        domina a restricao clq615

Restricao 2274, 1 novos cliques
    Original (7): 5047 5308 5569 8524 8699 8874 9721 
    0 (8): 5047 5308 5569 8524 8699 8874 9622 9721 
        domina a restricao clq618

Restricao 2278, 1 novos cliques
    Original (18): 8489 8524 8559 8594 8629 8664 8699 8734 8769 8804 8839 8874 8909 8944 8979 9014 9049 9084 
    0 (20): 5267 5422 8489 8524 8559 8594 8629 8664 8699 8734 8769 8804 8839 8874 8909 8944 8979 9014 9049 9084 
        domina a restricao clq622

Restricao 2283, 1 novos cliques
    Original (9): 1210 3164 3293 3422 3768 7815 7923 8031 8355 
    0 (12): 1210 1295 3164 3293 3368 3422 3768 7815 7923 7995 8031 8355 
        domina a restricao clq627

Restricao 2293, 1 novos cliques
    Original (5): 144 185 1355 3552 3632 
    0 (6): 144 185 357 1355 3552 3632 
        domina a restricao clq637

Restricao 2294, 1 novos cliques
    Original (5): 185 226 1355 3632 3712 
    0 (6): 185 226 357 1355 3632 3712 
        domina a restricao clq638

Restricao 2295, 1 novos cliques
    Original (5): 316 1211 3165 3294 3423 
    0 (6): 72 316 1211 3165 3294 3423 
        domina a restricao clq639

Restricao 2297, 1 novos cliques
    Original (3): 1211 1266 1355 
    0 (6): 1211 1266 1355 3214 3343 3472 
        domina a restricao clq641

Restricao 2298, 1 novos cliques
    Original (9): 3165 3214 3294 3343 3423 3472 3552 3632 3712 
    0 (10): 1266 3165 3214 3294 3343 3423 3472 3552 3632 3712 
        domina a restricao clq642

Restricao 2309, 1 novos cliques
    Original (16): 6714 6727 6792 6805 6870 6883 6948 6961 7043 7081 7101 7114 7140 7153 9936 9967 
    0 (20): 6623 6636 6714 6727 6792 6805 6870 6883 6948 6961 7005 7043 7081 7088 7101 7114 7140 7153 9936 9967 
        domina a restricao clq653

Restricao 2323, 1 novos cliques
    Original (5): 145 186 1356 10172 10204 
    0 (6): 145 186 358 1356 10172 10204 
        domina a restricao clq667

Restricao 2324, 1 novos cliques
    Original (5): 186 227 1356 10204 10236 
    0 (6): 186 227 358 1356 10204 10236 
        domina a restricao clq668

Restricao 2325, 1 novos cliques
    Original (5): 317 1212 10007 10062 10117 
    0 (6): 73 317 1212 10007 10062 10117 
        domina a restricao clq669

Restricao 2327, 1 novos cliques
    Original (3): 1212 1267 1356 
    0 (6): 1212 1267 1356 10030 10085 10140 
        domina a restricao clq671

Restricao 2328, 1 novos cliques
    Original (9): 10007 10030 10062 10085 10117 10140 10172 10204 10236 
    0 (10): 1267 10007 10030 10062 10085 10117 10140 10172 10204 10236 
        domina a restricao clq672

Restricao 2332, 1 novos cliques
    Original (9): 1213 3166 3295 3424 3767 7816 7924 8032 8356 
    0 (12): 1213 1294 3166 3295 3367 3424 3767 7816 7924 7996 8032 8356 
        domina a restricao clq676

Restricao 2347, 1 novos cliques
    Original (21): 1525 1579 1616 1650 1753 1807 1844 1878 1981 2035 2072 2106 2157 2194 2228 2257 2286 2315 2344 2373 2402 
    0 (22): 1525 1579 1616 1650 1753 1807 1844 1878 1981 2035 2072 2106 2157 2194 2228 2257 2286 2315 2344 2373 2402 4184 
        domina a restricao clq691

Restricao 2348, 1 novos cliques
    Original (21): 3914 3959 4004 4049 4094 4139 4184 4229 4274 4319 4364 4409 4454 4499 4544 4589 4634 4679 4724 4769 4814 
    0 (22): 1844 3914 3959 4004 4049 4094 4139 4184 4229 4274 4319 4364 4409 4454 4499 4544 4589 4634 4679 4724 4769 4814 
        domina a restricao clq692

Restricao 2360, 1 novos cliques
    Original (18): 5007 5048 5121 5162 5203 5268 5309 5382 5423 5464 5529 5570 5643 5684 5725 6126 6167 6208 
    0 (20): 5007 5048 5121 5162 5203 5268 5309 5382 5423 5464 5529 5570 5643 5684 5725 6126 6167 6208 8665 8770 
        domina a restricao clq704

Restricao 2363, 1 novos cliques
    Original (7): 5048 5309 5570 8525 8700 8875 9720 
    0 (8): 5048 5309 5570 8525 8700 8875 9621 9720 
        domina a restricao clq707

Restricao 2367, 1 novos cliques
    Original (18): 8490 8525 8560 8595 8630 8665 8700 8735 8770 8805 8840 8875 8910 8945 8980 9015 9050 9085 
    0 (20): 5268 5423 8490 8525 8560 8595 8630 8665 8700 8735 8770 8805 8840 8875 8910 8945 8980 9015 9050 9085 
        domina a restricao clq711

Restricao 2371, 1 novos cliques
    Original (5): 414 7006 7044 9904 9935 
    0 (7): 258 414 7006 7044 9904 9935 9966 
        domina a restricao clq715

Restricao 2384, 1 novos cliques
    Original (4): 3915 4095 4275 7621 
    0 (5): 3915 4095 4275 7441 7621 
        domina a restricao clq728

Restricao 2388, 1 novos cliques
    Original (8): 4455 4500 4545 4590 4635 4680 7513 7549 
    0 (9): 4455 4500 4545 4590 4635 4680 7513 7549 7693 
        domina a restricao clq732

Restricao 2389, 1 novos cliques
    Original (8): 4590 4635 4680 4725 4770 4815 7549 7585 
    0 (9): 4590 4635 4680 4725 4770 4815 7549 7585 7693 
        domina a restricao clq733

Restricao 2394, 1 novos cliques
    Original (4): 146 187 10171 10203 
    0 (5): 146 187 359 10171 10203 
        domina a restricao clq738

Restricao 2395, 1 novos cliques
    Original (4): 187 228 10203 10235 
    0 (5): 187 228 359 10203 10235 
        domina a restricao clq739

Restricao 2396, 1 novos cliques
    Original (4): 318 10006 10061 10116 
    0 (5): 74 318 10006 10061 10116 
        domina a restricao clq740

Restricao 2402, 1 novos cliques
    Original (9): 1214 7817 7925 8033 8357 10005 10060 10115 10258 
    0 (12): 1214 1293 7817 7925 7997 8033 8357 10005 10060 10098 10115 10258 
        domina a restricao clq746

Restricao 2417, 1 novos cliques
    Original (21): 1527 1581 1615 1649 1755 1809 1843 1877 1983 2037 2071 2105 2159 2193 2227 2256 2285 2314 2343 2372 2401 
    0 (22): 1527 1581 1615 1649 1755 1809 1843 1877 1983 2037 2071 2105 2159 2193 2227 2256 2285 2314 2343 2372 2401 4186 
        domina a restricao clq761

Restricao 2418, 1 novos cliques
    Original (21): 3916 3961 4006 4051 4096 4141 4186 4231 4276 4321 4366 4411 4456 4501 4546 4591 4636 4681 4726 4771 4816 
    0 (22): 1843 3916 3961 4006 4051 4096 4141 4186 4231 4276 4321 4366 4411 4456 4501 4546 4591 4636 4681 4726 4771 4816 
        domina a restricao clq762

Restricao 2422, 1 novos cliques
    Original (5): 413 7007 7045 9903 9934 
    0 (7): 257 413 7007 7045 9903 9934 9965 
        domina a restricao clq766

Restricao 2430, 1 novos cliques
    Original (18): 8491 8526 8561 8596 8631 8666 8701 8736 8771 8806 8841 8876 8911 8946 8981 9016 9051 9086 
    0 (21): 5226 5269 5424 8491 8526 8561 8596 8631 8666 8701 8736 8771 8806 8841 8876 8911 8946 8981 9016 9051 9086 
        domina a restricao clq774

Restricao 2435, 1 novos cliques
    Original (9): 1215 3167 3296 3425 3766 7818 7926 8034 8358 
    0 (12): 1215 1292 3167 3296 3366 3425 3766 7818 7926 7998 8034 8358 
        domina a restricao clq779

Restricao 2461, 1 novos cliques
    Original (21): 1529 1583 1614 1648 1757 1811 1842 1876 1985 2039 2070 2104 2161 2192 2226 2255 2284 2313 2342 2371 2400 
    0 (22): 1529 1583 1614 1648 1757 1811 1842 1876 1985 2039 2070 2104 2161 2192 2226 2255 2284 2313 2342 2371 2400 4187 
        domina a restricao clq805

Restricao 2462, 1 novos cliques
    Original (21): 3917 3962 4007 4052 4097 4142 4187 4232 4277 4322 4367 4412 4457 4502 4547 4592 4637 4682 4727 4772 4817 
    0 (22): 1842 3917 3962 4007 4052 4097 4142 4187 4232 4277 4322 4367 4412 4457 4502 4547 4592 4637 4682 4727 4772 4817 
        domina a restricao clq806

Restricao 2467, 1 novos cliques
    Original (5): 131 172 1360 10158 10190 
    0 (6): 131 172 344 1360 10158 10190 
        domina a restricao clq811

Restricao 2468, 1 novos cliques
    Original (5): 172 213 1360 10190 10222 
    0 (6): 172 213 344 1360 10190 10222 
        domina a restricao clq812

Restricao 2469, 1 novos cliques
    Original (5): 303 1216 9993 10048 10103 
    0 (6): 75 303 1216 9993 10048 10103 
        domina a restricao clq813

Restricao 2471, 1 novos cliques
    Original (3): 1216 1271 1360 
    0 (6): 1216 1271 1360 10016 10071 10126 
        domina a restricao clq815

Restricao 2472, 1 novos cliques
    Original (9): 9993 10016 10048 10071 10103 10126 10158 10190 10222 
    0 (10): 1271 9993 10016 10048 10071 10103 10126 10158 10190 10222 
        domina a restricao clq816

Restricao 2475, 1 novos cliques
    Original (5): 398 7008 7046 9887 9918 
    0 (7): 242 398 7008 7046 9887 9918 9949 
        domina a restricao clq819

Restricao 2476, 1 novos cliques
    Original (18): 5009 5050 5123 5164 5205 5270 5311 5384 5425 5466 5531 5572 5645 5686 5727 6128 6169 6210 
    0 (20): 5009 5050 5123 5164 5205 5270 5311 5384 5425 5466 5531 5572 5645 5686 5727 6128 6169 6210 8667 8772 
        domina a restricao clq820

Restricao 2479, 1 novos cliques
    Original (7): 5050 5311 5572 8527 8702 8877 9718 
    0 (8): 5050 5311 5572 8527 8702 8877 9619 9718 
        domina a restricao clq823

Restricao 2483, 1 novos cliques
    Original (18): 8492 8527 8562 8597 8632 8667 8702 8737 8772 8807 8842 8877 8912 8947 8982 9017 9052 9087 
    0 (20): 5270 5425 8492 8527 8562 8597 8632 8667 8702 8737 8772 8807 8842 8877 8912 8947 8982 9017 9052 9087 
        domina a restricao clq827

Restricao 2488, 1 novos cliques
    Original (9): 1177 7819 7927 8035 8359 10003 10058 10113 10259 
    0 (12): 1177 1291 7819 7927 7999 8035 8359 10003 10058 10099 10113 10259 
        domina a restricao clq832

Restricao 2508, 1 novos cliques
    Original (4): 147 188 3555 3635 
    0 (5): 147 188 345 3555 3635 
        domina a restricao clq852

Restricao 2509, 1 novos cliques
    Original (4): 188 229 3635 3715 
    0 (5): 188 229 345 3635 3715 
        domina a restricao clq853

Restricao 2510, 1 novos cliques
    Original (4): 319 3168 3297 3426 
    0 (5): 50 319 3168 3297 3426 
        domina a restricao clq854

Restricao 2515, 1 novos cliques
    Original (4): 3918 4098 4278 7624 
    0 (5): 3918 4098 4278 7444 7624 
        domina a restricao clq859

Restricao 2519, 1 novos cliques
    Original (8): 4458 4503 4548 4593 4638 4683 7516 7552 
    0 (9): 4458 4503 4548 4593 4638 4683 7516 7552 7696 
        domina a restricao clq863

Restricao 2520, 1 novos cliques
    Original (8): 4593 4638 4683 4728 4773 4818 7552 7588 
    0 (9): 4593 4638 4683 4728 4773 4818 7552 7588 7696 
        domina a restricao clq864

Restricao 2526, 1 novos cliques
    Original (4): 114 155 3556 3636 
    0 (5): 114 155 327 3556 3636 
        domina a restricao clq870

Restricao 2527, 1 novos cliques
    Original (4): 155 196 3636 3716 
    0 (5): 155 196 327 3636 3716 
        domina a restricao clq871

Restricao 2528, 1 novos cliques
    Original (4): 286 3169 3298 3427 
    0 (5): 42 286 3169 3298 3427 
        domina a restricao clq872

Restricao 2540, 1 novos cliques
    Original (16): 6715 6728 6793 6806 6871 6884 6949 6962 7020 7058 7102 7115 7141 7154 9932 9963 
    0 (20): 6624 6637 6715 6728 6793 6806 6871 6884 6949 6962 6982 7020 7058 7089 7102 7115 7141 7154 9932 9963 
        domina a restricao clq884

Restricao 2554, 1 novos cliques
    Original (9): 1164 3134 3263 3392 3765 7794 7902 8010 8334 
    0 (12): 1164 1282 3134 3263 3365 3392 3765 7794 7902 7974 8010 8334 
        domina a restricao clq898

Restricao 2569, 1 novos cliques
    Original (21): 1531 1585 1613 1647 1759 1813 1841 1875 1987 2041 2069 2103 2163 2191 2225 2254 2283 2312 2341 2370 2399 
    0 (22): 1531 1585 1613 1647 1759 1813 1841 1875 1987 2041 2069 2103 2163 2191 2225 2254 2283 2312 2341 2370 2399 4190 
        domina a restricao clq913

Restricao 2570, 1 novos cliques
    Original (21): 3920 3965 4010 4055 4100 4145 4190 4235 4280 4325 4370 4415 4460 4505 4550 4595 4640 4685 4730 4775 4820 
    0 (22): 1841 3920 3965 4010 4055 4100 4145 4190 4235 4280 4325 4370 4415 4460 4505 4550 4595 4640 4685 4730 4775 4820 
        domina a restricao clq914

Restricao 2572, 1 novos cliques
    Original (18): 5010 5051 5124 5165 5206 5271 5312 5385 5426 5467 5532 5573 5646 5687 5728 6129 6170 6211 
    0 (20): 5010 5051 5124 5165 5206 5271 5312 5385 5426 5467 5532 5573 5646 5687 5728 6129 6170 6211 8668 8773 
        domina a restricao clq916

Restricao 2575, 1 novos cliques
    Original (7): 5051 5312 5573 8528 8703 8878 9717 
    0 (8): 5051 5312 5573 8528 8703 8878 9618 9717 
        domina a restricao clq919

Restricao 2579, 1 novos cliques
    Original (18): 8493 8528 8563 8598 8633 8668 8703 8738 8773 8808 8843 8878 8913 8948 8983 9018 9053 9088 
    0 (20): 5271 5426 8493 8528 8563 8598 8633 8668 8703 8738 8773 8808 8843 8878 8913 8948 8983 9018 9053 9088 
        domina a restricao clq923

Restricao 2583, 1 novos cliques
    Original (18): 4966 5011 5227 5272 5488 5533 6061 6073 6085 6130 6171 6212 8494 8669 8844 9019 9054 9089 
    0 (20): 4966 5011 5227 5272 5427 5488 5533 6061 6073 6085 6130 6171 6212 8494 8669 8774 8844 9019 9054 9089 
        domina a restricao clq927

Restricao 2584, 1 novos cliques
    Original (15): 5052 5064 5313 5325 5574 5586 5741 5757 5837 5853 5933 5949 8529 8704 8879 
    0 (22): 5052 5064 5215 5227 5272 5313 5325 5341 5386 5427 5468 5574 5586 5741 5757 5837 5853 5933 5949 8529 8704 8879 
        domina a restricao clq928

Restricao 2585, 1 novos cliques
    Original (26): 5125 5166 5386 5427 5647 5688 5789 5805 5885 5901 5981 5997 6025 6037 6061 6073 6130 6171 8564 8599 8739 8774 8914 8949 9019 9054 
    0 (28): 5125 5166 5227 5272 5386 5427 5647 5688 5789 5805 5885 5901 5981 5997 6025 6037 6061 6073 6130 6171 8564 8599 8739 8774 8914 8949 9019 9054 
        domina a restricao clq929

Restricao 2586, 1 novos cliques
    Original (26): 5166 5207 5427 5468 5688 5729 5805 5821 5901 5917 5997 6013 6037 6049 6073 6085 6171 6212 8599 8634 8774 8809 8949 8984 9054 9089 
    0 (28): 5166 5207 5227 5272 5427 5468 5688 5729 5805 5821 5901 5917 5997 6013 6037 6049 6073 6085 6171 6212 8599 8634 8774 8809 8949 8984 9054 9089 
        domina a restricao clq930

Restricao 2588, 1 novos cliques
    Original (18): 8494 8529 8564 8599 8634 8669 8704 8739 8774 8809 8844 8879 8914 8949 8984 9019 9054 9089 
    0 (21): 5227 5272 5427 8494 8529 8564 8599 8634 8669 8704 8739 8774 8809 8844 8879 8914 8949 8984 9019 9054 9089 
        domina a restricao clq932

Restricao 2597, 1 novos cliques
    Original (21): 1532 1586 1612 1646 1760 1814 1840 1874 1988 2042 2068 2102 2164 2190 2224 2253 2282 2311 2340 2369 2398 
    0 (22): 1532 1586 1612 1646 1760 1814 1840 1874 1988 2042 2068 2102 2164 2190 2224 2253 2282 2311 2340 2369 2398 4191 
        domina a restricao clq941

Restricao 2598, 1 novos cliques
    Original (21): 3921 3966 4011 4056 4101 4146 4191 4236 4281 4326 4371 4416 4461 4506 4551 4596 4641 4686 4731 4776 4821 
    0 (22): 1840 3921 3966 4011 4056 4101 4146 4191 4236 4281 4326 4371 4416 4461 4506 4551 4596 4641 4686 4731 4776 4821 
        domina a restricao clq942

Restricao 2603, 1 novos cliques
    Original (5): 115 156 1309 3510 3590 
    0 (6): 115 156 328 1309 3510 3590 
        domina a restricao clq947

Restricao 2604, 1 novos cliques
    Original (5): 156 197 1309 3590 3670 
    0 (6): 156 197 328 1309 3590 3670 
        domina a restricao clq948

Restricao 2605, 1 novos cliques
    Original (5): 287 1165 3123 3252 3381 
    0 (6): 43 287 1165 3123 3252 3381 
        domina a restricao clq949

Restricao 2607, 1 novos cliques
    Original (3): 1165 1220 1309 
    0 (6): 1165 1220 1309 3172 3301 3430 
        domina a restricao clq951

Restricao 2608, 1 novos cliques
    Original (9): 3123 3172 3252 3301 3381 3430 3510 3590 3670 
    0 (10): 1220 3123 3172 3252 3301 3381 3430 3510 3590 3670 
        domina a restricao clq952

Restricao 2611, 1 novos cliques
    Original (5): 401 6973 7011 9900 9931 
    0 (7): 245 401 6973 7011 9900 9931 9962 
        domina a restricao clq955

Restricao 2625, 1 novos cliques
    Original (9): 1166 3124 3253 3382 3749 7786 7894 8002 8326 
    0 (12): 1166 1274 3124 3253 3349 3382 3749 7786 7894 7966 8002 8326 
        domina a restricao clq969

Restricao 2640, 1 novos cliques
    Original (21): 1534 1588 1611 1645 1762 1816 1839 1873 1990 2044 2067 2101 2166 2189 2223 2252 2281 2310 2339 2368 2397 
    0 (22): 1534 1588 1611 1645 1762 1816 1839 1873 1990 2044 2067 2101 2166 2189 2223 2252 2281 2310 2339 2368 2397 4159 
        domina a restricao clq984

Restricao 2641, 1 novos cliques
    Original (21): 3889 3934 3979 4024 4069 4114 4159 4204 4249 4294 4339 4384 4429 4474 4519 4564 4609 4654 4699 4744 4789 
    0 (22): 1839 3889 3934 3979 4024 4069 4114 4159 4204 4249 4294 4339 4384 4429 4474 4519 4564 4609 4654 4699 4744 4789 
        domina a restricao clq985

Restricao 2644, 1 novos cliques
    Original (18): 5012 5053 5126 5167 5208 5273 5314 5387 5428 5469 5534 5575 5648 5689 5730 6131 6172 6213 
    0 (20): 5012 5053 5126 5167 5208 5273 5314 5387 5428 5469 5534 5575 5648 5689 5730 6131 6172 6213 8645 8750 
        domina a restricao clq988

Restricao 2647, 1 novos cliques
    Original (7): 5053 5314 5575 8505 8680 8855 9700 
    0 (8): 5053 5314 5575 8505 8680 8855 9601 9700 
        domina a restricao clq991

Restricao 2651, 1 novos cliques
    Original (18): 8470 8505 8540 8575 8610 8645 8680 8715 8750 8785 8820 8855 8890 8925 8960 8995 9030 9065 
    0 (20): 5273 5428 8470 8505 8540 8575 8610 8645 8680 8715 8750 8785 8820 8855 8890 8925 8960 8995 9030 9065 
        domina a restricao clq995

Restricao 2656, 1 novos cliques
    Original (4): 116 157 10167 10199 
    0 (5): 116 157 329 10167 10199 
        domina a restricao clq1000

Restricao 2657, 1 novos cliques
    Original (4): 157 198 10199 10231 
    0 (5): 157 198 329 10199 10231 
        domina a restricao clq1001

Restricao 2658, 1 novos cliques
    Original (4): 288 10002 10057 10112 
    0 (5): 44 288 10002 10057 10112 
        domina a restricao clq1002

Restricao 2671, 1 novos cliques
    Original (18): 5013 5054 5127 5168 5209 5274 5315 5388 5429 5470 5535 5576 5649 5690 5731 6132 6173 6214 
    0 (20): 5013 5054 5127 5168 5209 5274 5315 5388 5429 5470 5535 5576 5649 5690 5731 6132 6173 6214 8637 8742 
        domina a restricao clq1015

Restricao 2674, 1 novos cliques
    Original (7): 5054 5315 5576 8497 8672 8847 9715 
    0 (8): 5054 5315 5576 8497 8672 8847 9616 9715 
        domina a restricao clq1018

Restricao 2678, 1 novos cliques
    Original (18): 8462 8497 8532 8567 8602 8637 8672 8707 8742 8777 8812 8847 8882 8917 8952 8987 9022 9057 
    0 (20): 5274 5429 8462 8497 8532 8567 8602 8637 8672 8707 8742 8777 8812 8847 8882 8917 8952 8987 9022 9057 
        domina a restricao clq1022

Restricao 2689, 1 novos cliques
    Original (16): 6716 6729 6794 6807 6872 6885 6950 6963 7012 7050 7103 7116 7142 7155 9930 9961 
    0 (20): 6625 6638 6716 6729 6794 6807 6872 6885 6950 6963 6974 7012 7050 7090 7103 7116 7142 7155 9930 9961 
        domina a restricao clq1033

Restricao 2698, 1 novos cliques
    Original (21): 1497 1551 1610 1644 1725 1779 1838 1872 1953 2007 2066 2100 2129 2188 2222 2237 2266 2295 2324 2353 2382 
    0 (22): 1497 1551 1610 1644 1725 1779 1838 1872 1953 2007 2066 2100 2129 2188 2222 2237 2266 2295 2324 2353 2382 4149 
        domina a restricao clq1042

Restricao 2699, 1 novos cliques
    Original (21): 3879 3924 3969 4014 4059 4104 4149 4194 4239 4284 4329 4374 4419 4464 4509 4554 4599 4644 4689 4734 4779 
    0 (22): 1838 3879 3924 3969 4014 4059 4104 4149 4194 4239 4284 4329 4374 4419 4464 4509 4554 4599 4644 4689 4734 4779 
        domina a restricao clq1043

Restricao 2704, 1 novos cliques
    Original (5): 117 158 1311 10166 10198 
    0 (6): 117 158 330 1311 10166 10198 
        domina a restricao clq1048

Restricao 2705, 1 novos cliques
    Original (5): 158 199 1311 10198 10230 
    0 (6): 158 199 330 1311 10198 10230 
        domina a restricao clq1049

Restricao 2706, 1 novos cliques
    Original (5): 289 1167 10001 10056 10111 
    0 (6): 45 289 1167 10001 10056 10111 
        domina a restricao clq1050

Restricao 2708, 1 novos cliques
    Original (3): 1167 1222 1311 
    0 (6): 1167 1222 1311 10024 10079 10134 
        domina a restricao clq1052

Restricao 2709, 1 novos cliques
    Original (9): 10001 10024 10056 10079 10111 10134 10166 10198 10230 
    0 (10): 1222 10001 10024 10056 10079 10111 10134 10166 10198 10230 
        domina a restricao clq1053

Restricao 2712, 1 novos cliques
    Original (18): 4967 5014 5228 5275 5489 5536 6062 6074 6086 6133 6174 6215 8463 8638 8813 8988 9023 9058 
    0 (20): 4967 5014 5228 5275 5430 5489 5536 6062 6074 6086 6133 6174 6215 8463 8638 8743 8813 8988 9023 9058 
        domina a restricao clq1056

Restricao 2713, 1 novos cliques
    Original (15): 5055 5065 5316 5326 5577 5587 5742 5758 5838 5854 5934 5950 8498 8673 8848 
    0 (22): 5055 5065 5216 5228 5275 5316 5326 5342 5389 5430 5471 5577 5587 5742 5758 5838 5854 5934 5950 8498 8673 8848 
        domina a restricao clq1057

Restricao 2714, 1 novos cliques
    Original (26): 5128 5169 5389 5430 5650 5691 5790 5806 5886 5902 5982 5998 6026 6038 6062 6074 6133 6174 8533 8568 8708 8743 8883 8918 8988 9023 
    0 (28): 5128 5169 5228 5275 5389 5430 5650 5691 5790 5806 5886 5902 5982 5998 6026 6038 6062 6074 6133 6174 8533 8568 8708 8743 8883 8918 8988 9023 
        domina a restricao clq1058

Restricao 2715, 1 novos cliques
    Original (26): 5169 5210 5430 5471 5691 5732 5806 5822 5902 5918 5998 6014 6038 6050 6074 6086 6174 6215 8568 8603 8743 8778 8918 8953 9023 9058 
    0 (28): 5169 5210 5228 5275 5430 5471 5691 5732 5806 5822 5902 5918 5998 6014 6038 6050 6074 6086 6174 6215 8568 8603 8743 8778 8918 8953 9023 9058 
        domina a restricao clq1059

Restricao 2717, 1 novos cliques
    Original (18): 8463 8498 8533 8568 8603 8638 8673 8708 8743 8778 8813 8848 8883 8918 8953 8988 9023 9058 
    0 (21): 5228 5275 5430 8463 8498 8533 8568 8603 8638 8673 8708 8743 8778 8813 8848 8883 8918 8953 8988 9023 9058 
        domina a restricao clq1061

Restricao 2721, 1 novos cliques
    Original (9): 1168 3125 3254 3383 3763 7787 7895 8003 8327 
    0 (12): 1168 1275 3125 3254 3363 3383 3763 7787 7895 7967 8003 8327 
        domina a restricao clq1065

Restricao 2731, 1 novos cliques
    Original (5): 118 159 1313 3513 3593 
    0 (6): 118 159 331 1313 3513 3593 
        domina a restricao clq1075

Restricao 2732, 1 novos cliques
    Original (5): 159 200 1313 3593 3673 
    0 (6): 159 200 331 1313 3593 3673 
        domina a restricao clq1076

Restricao 2733, 1 novos cliques
    Original (5): 290 1169 3126 3255 3384 
    0 (6): 46 290 1169 3126 3255 3384 
        domina a restricao clq1077

Restricao 2735, 1 novos cliques
    Original (3): 1169 1224 1313 
    0 (6): 1169 1224 1313 3175 3304 3433 
        domina a restricao clq1079

Restricao 2736, 1 novos cliques
    Original (9): 3126 3175 3255 3304 3384 3433 3513 3593 3673 
    0 (10): 1224 3126 3175 3255 3304 3384 3433 3513 3593 3673 
        domina a restricao clq1080

Restricao 2750, 1 novos cliques
    Original (5): 403 6975 7013 9898 9929 
    0 (7): 247 403 6975 7013 9898 9929 9960 
        domina a restricao clq1094

Restricao 2759, 1 novos cliques
    Original (21): 1485 1539 1609 1643 1713 1767 1837 1871 1941 1995 2065 2099 2117 2187 2221 2250 2279 2308 2337 2366 2395 
    0 (22): 1485 1539 1609 1643 1713 1767 1837 1871 1941 1995 2065 2099 2117 2187 2221 2250 2279 2308 2337 2366 2395 4150 
        domina a restricao clq1103

Restricao 2760, 1 novos cliques
    Original (21): 3880 3925 3970 4015 4060 4105 4150 4195 4240 4285 4330 4375 4420 4465 4510 4555 4600 4645 4690 4735 4780 
    0 (22): 1837 3880 3925 3970 4015 4060 4105 4150 4195 4240 4285 4330 4375 4420 4465 4510 4555 4600 4645 4690 4735 4780 
        domina a restricao clq1104

Restricao 2764, 1 novos cliques
    Original (4): 3881 4061 4241 7595 
    0 (5): 3881 4061 4241 7415 7595 
        domina a restricao clq1108

Restricao 2768, 1 novos cliques
    Original (8): 4421 4466 4511 4556 4601 4646 7487 7523 
    0 (9): 4421 4466 4511 4556 4601 4646 7487 7523 7667 
        domina a restricao clq1112

Restricao 2769, 1 novos cliques
    Original (8): 4556 4601 4646 4691 4736 4781 7523 7559 
    0 (9): 4556 4601 4646 4691 4736 4781 7523 7559 7667 
        domina a restricao clq1113

Restricao 2771, 1 novos cliques
    Original (18): 4985 5026 5099 5140 5181 5246 5287 5360 5401 5442 5507 5548 5621 5662 5703 6104 6145 6186 
    0 (20): 4985 5026 5099 5140 5181 5246 5287 5360 5401 5442 5507 5548 5621 5662 5703 6104 6145 6186 8639 8744 
        domina a restricao clq1115

Restricao 2774, 1 novos cliques
    Original (7): 5026 5287 5548 8499 8674 8849 9714 
    0 (8): 5026 5287 5548 8499 8674 8849 9615 9714 
        domina a restricao clq1118

Restricao 2778, 1 novos cliques
    Original (18): 8464 8499 8534 8569 8604 8639 8674 8709 8744 8779 8814 8849 8884 8919 8954 8989 9024 9059 
    0 (20): 5246 5401 8464 8499 8534 8569 8604 8639 8674 8709 8744 8779 8814 8849 8884 8919 8954 8989 9024 9059 
        domina a restricao clq1122

Restricao 2783, 1 novos cliques
    Original (9): 1170 3127 3256 3385 3762 7788 7896 8004 8328 
    0 (12): 1170 1276 3127 3256 3362 3385 3762 7788 7896 7968 8004 8328 
        domina a restricao clq1127

Restricao 2794, 1 novos cliques
    Original (4): 119 160 10165 10197 
    0 (5): 119 160 332 10165 10197 
        domina a restricao clq1138

Restricao 2795, 1 novos cliques
    Original (4): 160 201 10197 10229 
    0 (5): 160 201 332 10197 10229 
        domina a restricao clq1139

Restricao 2796, 1 novos cliques
    Original (4): 291 10000 10055 10110 
    0 (5): 47 291 10000 10055 10110 
        domina a restricao clq1140

Restricao 2802, 1 novos cliques
    Original (9): 1171 3128 3257 3386 3761 7789 7897 8005 8329 
    0 (12): 1171 1277 3128 3257 3361 3386 3761 7789 7897 7969 8005 8329 
        domina a restricao clq1146

Restricao 2817, 1 novos cliques
    Original (21): 1486 1540 1600 1634 1714 1768 1828 1862 1942 1996 2056 2090 2118 2178 2212 2249 2278 2307 2336 2365 2394 
    0 (22): 1486 1540 1600 1634 1714 1768 1828 1862 1942 1996 2056 2090 2118 2178 2212 2249 2278 2307 2336 2365 2394 4153 
        domina a restricao clq1161

Restricao 2818, 1 novos cliques
    Original (21): 3883 3928 3973 4018 4063 4108 4153 4198 4243 4288 4333 4378 4423 4468 4513 4558 4603 4648 4693 4738 4783 
    0 (22): 1828 3883 3928 3973 4018 4063 4108 4153 4198 4243 4288 4333 4378 4423 4468 4513 4558 4603 4648 4693 4738 4783 
        domina a restricao clq1162

Restricao 2820, 1 novos cliques
    Original (18): 4976 5017 5090 5131 5172 5237 5278 5351 5392 5433 5498 5539 5612 5653 5694 6095 6136 6177 
    0 (20): 4976 5017 5090 5131 5172 5237 5278 5351 5392 5433 5498 5539 5612 5653 5694 6095 6136 6177 8640 8745 
        domina a restricao clq1164

Restricao 2823, 1 novos cliques
    Original (7): 5017 5278 5539 8500 8675 8850 9713 
    0 (8): 5017 5278 5539 8500 8675 8850 9614 9713 
        domina a restricao clq1167

Restricao 2827, 1 novos cliques
    Original (18): 8465 8500 8535 8570 8605 8640 8675 8710 8745 8780 8815 8850 8885 8920 8955 8990 9025 9060 
    0 (20): 5237 5392 8465 8500 8535 8570 8605 8640 8675 8710 8745 8780 8815 8850 8885 8920 8955 8990 9025 9060 
        domina a restricao clq1171

Restricao 2839, 1 novos cliques
    Original (16): 6717 6730 6795 6808 6873 6886 6951 6964 7014 7052 7104 7117 7143 7156 9928 9959 
    0 (20): 6626 6639 6717 6730 6795 6808 6873 6886 6951 6964 6976 7014 7052 7091 7104 7117 7143 7156 9928 9959 
        domina a restricao clq1183

Restricao 2860, 1 novos cliques
    Original (21): 1488 1542 1593 1627 1716 1770 1821 1855 1944 1998 2049 2083 2120 2171 2205 2248 2277 2306 2335 2364 2393 
    0 (22): 1488 1542 1593 1627 1716 1770 1821 1855 1944 1998 2049 2083 2120 2171 2205 2248 2277 2306 2335 2364 2393 4154 
        domina a restricao clq1204

Restricao 2861, 1 novos cliques
    Original (21): 3884 3929 3974 4019 4064 4109 4154 4199 4244 4289 4334 4379 4424 4469 4514 4559 4604 4649 4694 4739 4784 
    0 (22): 1821 3884 3929 3974 4019 4064 4109 4154 4199 4244 4289 4334 4379 4424 4469 4514 4559 4604 4649 4694 4739 4784 
        domina a restricao clq1205

Restricao 2866, 1 novos cliques
    Original (5): 120 161 1316 3516 3596 
    0 (6): 120 161 333 1316 3516 3596 
        domina a restricao clq1210

Restricao 2867, 1 novos cliques
    Original (5): 161 202 1316 3596 3676 
    0 (6): 161 202 333 1316 3596 3676 
        domina a restricao clq1211

Restricao 2868, 1 novos cliques
    Original (5): 292 1172 3129 3258 3387 
    0 (6): 48 292 1172 3129 3258 3387 
        domina a restricao clq1212

Restricao 2870, 1 novos cliques
    Original (3): 1172 1227 1316 
    0 (6): 1172 1227 1316 3178 3307 3436 
        domina a restricao clq1214

Restricao 2871, 1 novos cliques
    Original (9): 3129 3178 3258 3307 3387 3436 3516 3596 3676 
    0 (10): 1227 3129 3178 3258 3307 3387 3436 3516 3596 3676 
        domina a restricao clq1215

Restricao 2876, 1 novos cliques
    Original (9): 1173 3130 3259 3388 3760 7790 7898 8006 8330 
    0 (12): 1173 1278 3130 3259 3360 3388 3760 7790 7898 7970 8006 8330 
        domina a restricao clq1220

Restricao 2884, 1 novos cliques
    Original (18): 4979 5020 5093 5134 5175 5240 5281 5354 5395 5436 5501 5542 5615 5656 5697 6098 6139 6180 
    0 (20): 4979 5020 5093 5134 5175 5240 5281 5354 5395 5436 5501 5542 5615 5656 5697 6098 6139 6180 8641 8746 
        domina a restricao clq1228

Restricao 2887, 1 novos cliques
    Original (7): 5020 5281 5542 8501 8676 8851 9712 
    0 (8): 5020 5281 5542 8501 8676 8851 9613 9712 
        domina a restricao clq1231

Restricao 2891, 1 novos cliques
    Original (18): 8466 8501 8536 8571 8606 8641 8676 8711 8746 8781 8816 8851 8886 8921 8956 8991 9026 9061 
    0 (20): 5240 5395 8466 8501 8536 8571 8606 8641 8676 8711 8746 8781 8816 8851 8886 8921 8956 8991 9026 9061 
        domina a restricao clq1235

Restricao 2895, 1 novos cliques
    Original (5): 405 6977 7015 9896 9927 
    0 (7): 249 405 6977 7015 9896 9927 9958 
        domina a restricao clq1239

Restricao 2909, 1 novos cliques
    Original (4): 121 162 3518 3598 
    0 (5): 121 162 334 3518 3598 
        domina a restricao clq1253

Restricao 2910, 1 novos cliques
    Original (4): 162 203 3598 3678 
    0 (5): 162 203 334 3598 3678 
        domina a restricao clq1254

Restricao 2911, 1 novos cliques
    Original (4): 293 3131 3260 3389 
    0 (5): 49 293 3131 3260 3389 
        domina a restricao clq1255

Restricao 2922, 1 novos cliques
    Original (21): 1490 1544 1594 1628 1718 1772 1822 1856 1946 2000 2050 2084 2122 2172 2206 2247 2276 2305 2334 2363 2392 
    0 (22): 1490 1544 1594 1628 1718 1772 1822 1856 1946 2000 2050 2084 2122 2172 2206 2247 2276 2305 2334 2363 2392 4155 
        domina a restricao clq1266

Restricao 2923, 1 novos cliques
    Original (21): 3885 3930 3975 4020 4065 4110 4155 4200 4245 4290 4335 4380 4425 4470 4515 4560 4605 4650 4695 4740 4785 
    0 (22): 1822 3885 3930 3975 4020 4065 4110 4155 4200 4245 4290 4335 4380 4425 4470 4515 4560 4605 4650 4695 4740 4785 
        domina a restricao clq1267

Restricao 2935, 1 novos cliques
    Original (16): 6718 6731 6796 6809 6874 6887 6952 6965 7016 7054 7105 7118 7144 7157 9926 9957 
    0 (20): 6627 6640 6718 6731 6796 6809 6874 6887 6952 6965 6978 7016 7054 7092 7105 7118 7144 7157 9926 9957 
        domina a restricao clq1279

Restricao 2940, 1 novos cliques
    Original (9): 1174 3132 3261 3390 3759 7791 7899 8007 8331 
    0 (12): 1174 1279 3132 3261 3359 3390 3759 7791 7899 7971 8007 8331 
        domina a restricao clq1284

Restricao 2957, 1 novos cliques
    Original (18): 4981 5022 5095 5136 5177 5242 5283 5356 5397 5438 5503 5544 5617 5658 5699 6100 6141 6182 
    0 (20): 4981 5022 5095 5136 5177 5242 5283 5356 5397 5438 5503 5544 5617 5658 5699 6100 6141 6182 8642 8747 
        domina a restricao clq1301

Restricao 2960, 1 novos cliques
    Original (7): 5022 5283 5544 8502 8677 8852 9711 
    0 (8): 5022 5283 5544 8502 8677 8852 9612 9711 
        domina a restricao clq1304

Restricao 2964, 1 novos cliques
    Original (18): 8467 8502 8537 8572 8607 8642 8677 8712 8747 8782 8817 8852 8887 8922 8957 8992 9027 9062 
    0 (20): 5242 5397 8467 8502 8537 8572 8607 8642 8677 8712 8747 8782 8817 8852 8887 8922 8957 8992 9027 9062 
        domina a restricao clq1308

Restricao 2969, 1 novos cliques
    Original (5): 113 154 1319 10164 10196 
    0 (6): 113 154 326 1319 10164 10196 
        domina a restricao clq1313

Restricao 2970, 1 novos cliques
    Original (5): 154 195 1319 10196 10228 
    0 (6): 154 195 326 1319 10196 10228 
        domina a restricao clq1314

Restricao 2971, 1 novos cliques
    Original (5): 285 1175 9999 10054 10109 
    0 (6): 41 285 1175 9999 10054 10109 
        domina a restricao clq1315

Restricao 2973, 1 novos cliques
    Original (3): 1175 1230 1319 
    0 (6): 1175 1230 1319 10022 10077 10132 
        domina a restricao clq1317

Restricao 2974, 1 novos cliques
    Original (9): 9999 10022 10054 10077 10109 10132 10164 10196 10228 
    0 (10): 1230 9999 10022 10054 10077 10109 10132 10164 10196 10228 
        domina a restricao clq1318

Restricao 2978, 1 novos cliques
    Original (9): 1176 3133 3262 3391 3758 7792 7900 8008 8332 
    0 (12): 1176 1280 3133 3262 3358 3391 3758 7792 7900 7972 8008 8332 
        domina a restricao clq1322

Restricao 2993, 1 novos cliques
    Original (21): 1492 1546 1595 1629 1720 1774 1823 1857 1948 2002 2051 2085 2124 2173 2207 2246 2275 2304 2333 2362 2391 
    0 (22): 1492 1546 1595 1629 1720 1774 1823 1857 1948 2002 2051 2085 2124 2173 2207 2246 2275 2304 2333 2362 2391 4157 
        domina a restricao clq1337

Restricao 2994, 1 novos cliques
    Original (21): 3887 3932 3977 4022 4067 4112 4157 4202 4247 4292 4337 4382 4427 4472 4517 4562 4607 4652 4697 4742 4787 
    0 (22): 1823 3887 3932 3977 4022 4067 4112 4157 4202 4247 4292 4337 4382 4427 4472 4517 4562 4607 4652 4697 4742 4787 
        domina a restricao clq1338

Restricao 2998, 1 novos cliques
    Original (5): 407 6979 7017 9894 9925 
    0 (7): 251 407 6979 7017 9894 9925 9956 
        domina a restricao clq1342

Restricao 2999, 1 novos cliques
    Original (18): 4982 5023 5096 5137 5178 5243 5284 5357 5398 5439 5504 5545 5618 5659 5700 6101 6142 6183 
    0 (20): 4982 5023 5096 5137 5178 5243 5284 5357 5398 5439 5504 5545 5618 5659 5700 6101 6142 6183 8643 8748 
        domina a restricao clq1343

Restricao 3002, 1 novos cliques
    Original (7): 5023 5284 5545 8503 8678 8853 9710 
    0 (8): 5023 5284 5545 8503 8678 8853 9611 9710 
        domina a restricao clq1346

Restricao 3006, 1 novos cliques
    Original (18): 8468 8503 8538 8573 8608 8643 8678 8713 8748 8783 8818 8853 8888 8923 8958 8993 9028 9063 
    0 (20): 5243 5398 8468 8503 8538 8573 8608 8643 8678 8713 8748 8783 8818 8853 8888 8923 8958 8993 9028 9063 
        domina a restricao clq1350

Restricao 3011, 1 novos cliques
    Original (9): 1163 3122 3251 3380 3757 7793 7901 8009 8333 
    0 (12): 1163 1281 3122 3251 3357 3380 3757 7793 7901 7973 8009 8333 
        domina a restricao clq1355

Restricao 3032, 1 novos cliques
    Original (9): 1178 3135 3264 3393 3756 7785 7893 8001 8325 
    0 (12): 1178 1273 3135 3264 3356 3393 3756 7785 7893 7965 8001 8325 
        domina a restricao clq1376

Restricao 3047, 1 novos cliques
    Original (21): 1494 1548 1596 1630 1722 1776 1824 1858 1950 2004 2052 2086 2126 2174 2208 2245 2274 2303 2332 2361 2390 
    0 (22): 1494 1548 1596 1630 1722 1776 1824 1858 1950 2004 2052 2086 2126 2174 2208 2245 2274 2303 2332 2361 2390 4158 
        domina a restricao clq1391

Restricao 3048, 1 novos cliques
    Original (21): 3888 3933 3978 4023 4068 4113 4158 4203 4248 4293 4338 4383 4428 4473 4518 4563 4608 4653 4698 4743 4788 
    0 (22): 1824 3888 3933 3978 4023 4068 4113 4158 4203 4248 4293 4338 4383 4428 4473 4518 4563 4608 4653 4698 4743 4788 
        domina a restricao clq1392

Restricao 3051, 1 novos cliques
    Original (18): 4983 5024 5097 5138 5179 5244 5285 5358 5399 5440 5505 5546 5619 5660 5701 6102 6143 6184 
    0 (20): 4983 5024 5097 5138 5179 5244 5285 5358 5399 5440 5505 5546 5619 5660 5701 6102 6143 6184 8644 8749 
        domina a restricao clq1395

Restricao 3054, 1 novos cliques
    Original (7): 5024 5285 5546 8504 8679 8854 9709 
    0 (8): 5024 5285 5546 8504 8679 8854 9610 9709 
        domina a restricao clq1398

Restricao 3058, 1 novos cliques
    Original (18): 8469 8504 8539 8574 8609 8644 8679 8714 8749 8784 8819 8854 8889 8924 8959 8994 9029 9064 
    0 (20): 5244 5399 8469 8504 8539 8574 8609 8644 8679 8714 8749 8784 8819 8854 8889 8924 8959 8994 9029 9064 
        domina a restricao clq1402

Restricao 3064, 1 novos cliques
    Original (4): 123 164 3523 3603 
    0 (5): 123 164 336 3523 3603 
        domina a restricao clq1408

Restricao 3065, 1 novos cliques
    Original (4): 164 205 3603 3683 
    0 (5): 164 205 336 3603 3683 
        domina a restricao clq1409

Restricao 3066, 1 novos cliques
    Original (5): 277 295 3136 3265 3394 
    0 (6): 51 277 295 3136 3265 3394 
        domina a restricao clq1410

Restricao 3086, 1 novos cliques
    Original (9): 1179 3137 3266 3395 3755 7795 7903 8011 8335 
    0 (12): 1179 1283 3137 3266 3355 3395 3755 7795 7903 7975 8011 8335 
        domina a restricao clq1430

Restricao 3105, 1 novos cliques
    Original (18): 4975 5016 5089 5130 5171 5236 5277 5350 5391 5432 5497 5538 5611 5652 5693 6094 6135 6176 
    0 (20): 4975 5016 5089 5130 5171 5236 5277 5350 5391 5432 5497 5538 5611 5652 5693 6094 6135 6176 8636 8741 
        domina a restricao clq1449

Restricao 3108, 1 novos cliques
    Original (7): 5016 5277 5538 8496 8671 8846 9708 
    0 (8): 5016 5277 5538 8496 8671 8846 9609 9708 
        domina a restricao clq1452

Restricao 3112, 1 novos cliques
    Original (18): 8461 8496 8531 8566 8601 8636 8671 8706 8741 8776 8811 8846 8881 8916 8951 8986 9021 9056 
    0 (20): 5236 5391 8461 8496 8531 8566 8601 8636 8671 8706 8741 8776 8811 8846 8881 8916 8951 8986 9021 9056 
        domina a restricao clq1456

Restricao 3122, 1 novos cliques
    Original (21): 1483 1537 1599 1633 1711 1765 1827 1861 1939 1993 2055 2089 2115 2177 2211 2244 2273 2302 2331 2360 2389 
    0 (22): 1483 1537 1599 1633 1711 1765 1827 1861 1939 1993 2055 2089 2115 2177 2211 2244 2273 2302 2331 2360 2389 4160 
        domina a restricao clq1466

Restricao 3123, 1 novos cliques
    Original (21): 3890 3935 3980 4025 4070 4115 4160 4205 4250 4295 4340 4385 4430 4475 4520 4565 4610 4655 4700 4745 4790 
    0 (22): 1827 3890 3935 3980 4025 4070 4115 4160 4205 4250 4295 4340 4385 4430 4475 4520 4565 4610 4655 4700 4745 4790 
        domina a restricao clq1467

Restricao 3128, 1 novos cliques
    Original (5): 124 165 1324 10163 10195 
    0 (6): 124 165 337 1324 10163 10195 
        domina a restricao clq1472

Restricao 3129, 1 novos cliques
    Original (5): 165 206 1324 10195 10227 
    0 (6): 165 206 337 1324 10195 10227 
        domina a restricao clq1473

Restricao 3130, 1 novos cliques
    Original (5): 296 1180 9998 10053 10108 
    0 (6): 52 296 1180 9998 10053 10108 
        domina a restricao clq1474

Restricao 3132, 1 novos cliques
    Original (3): 1180 1235 1324 
    0 (6): 1180 1235 1324 10021 10076 10131 
        domina a restricao clq1476

Restricao 3133, 1 novos cliques
    Original (9): 9998 10021 10053 10076 10108 10131 10163 10195 10227 
    0 (10): 1235 9998 10021 10053 10076 10108 10131 10163 10195 10227 
        domina a restricao clq1477

Restricao 3136, 1 novos cliques
    Original (5): 408 6981 7019 9893 9924 
    0 (7): 252 408 6981 7019 9893 9924 9955 
        domina a restricao clq1480

Restricao 3155, 1 novos cliques
    Original (21): 1499 1553 1591 1625 1727 1781 1819 1853 1955 2009 2047 2081 2131 2169 2203 2243 2272 2301 2330 2359 2388 
    0 (22): 1499 1553 1591 1625 1727 1781 1819 1853 1955 2009 2047 2081 2131 2169 2203 2243 2272 2301 2330 2359 2388 4161 
        domina a restricao clq1499

Restricao 3156, 1 novos cliques
    Original (21): 3891 3936 3981 4026 4071 4116 4161 4206 4251 4296 4341 4386 4431 4476 4521 4566 4611 4656 4701 4746 4791 
    0 (22): 1819 3891 3936 3981 4026 4071 4116 4161 4206 4251 4296 4341 4386 4431 4476 4521 4566 4611 4656 4701 4746 4791 
        domina a restricao clq1500

Restricao 3159, 1 novos cliques
    Original (18): 4986 5027 5100 5141 5182 5247 5288 5361 5402 5443 5508 5549 5622 5663 5704 6105 6146 6187 
    0 (20): 4986 5027 5100 5141 5182 5247 5288 5361 5402 5443 5508 5549 5622 5663 5704 6105 6146 6187 8646 8751 
        domina a restricao clq1503

Restricao 3162, 1 novos cliques
    Original (7): 5027 5288 5549 8506 8681 8856 9707 
    0 (8): 5027 5288 5549 8506 8681 8856 9608 9707 
        domina a restricao clq1506

Restricao 3166, 1 novos cliques
    Original (18): 8471 8506 8541 8576 8611 8646 8681 8716 8751 8786 8821 8856 8891 8926 8961 8996 9031 9066 
    0 (20): 5247 5402 8471 8506 8541 8576 8611 8646 8681 8716 8751 8786 8821 8856 8891 8926 8961 8996 9031 9066 
        domina a restricao clq1510

Restricao 3171, 1 novos cliques
    Original (9): 1181 3138 3267 3396 3754 7796 7904 8012 8336 
    0 (12): 1181 1284 3138 3267 3354 3396 3754 7796 7904 7976 8012 8336 
        domina a restricao clq1515

Restricao 3181, 1 novos cliques
    Original (4): 125 166 3526 3606 
    0 (5): 125 166 338 3526 3606 
        domina a restricao clq1525

Restricao 3182, 1 novos cliques
    Original (4): 166 207 3606 3686 
    0 (5): 166 207 338 3606 3686 
        domina a restricao clq1526

Restricao 3183, 1 novos cliques
    Original (4): 297 3139 3268 3397 
    0 (5): 53 297 3139 3268 3397 
        domina a restricao clq1527

Restricao 3198, 1 novos cliques
    Original (18): 4987 5028 5101 5142 5183 5248 5289 5362 5403 5444 5509 5550 5623 5664 5705 6106 6147 6188 
    0 (20): 4987 5028 5101 5142 5183 5248 5289 5362 5403 5444 5509 5550 5623 5664 5705 6106 6147 6188 8647 8752 
        domina a restricao clq1542

Restricao 3201, 1 novos cliques
    Original (7): 5028 5289 5550 8507 8682 8857 9706 
    0 (8): 5028 5289 5550 8507 8682 8857 9607 9706 
        domina a restricao clq1545

Restricao 3205, 1 novos cliques
    Original (18): 8472 8507 8542 8577 8612 8647 8682 8717 8752 8787 8822 8857 8892 8927 8962 8997 9032 9067 
    0 (20): 5248 5403 8472 8507 8542 8577 8612 8647 8682 8717 8752 8787 8822 8857 8892 8927 8962 8997 9032 9067 
        domina a restricao clq1549

Restricao 3211, 1 novos cliques
    Original (9): 1182 3140 3269 3398 3753 7797 7905 8013 8337 
    0 (12): 1182 1285 3140 3269 3353 3398 3753 7797 7905 7977 8013 8337 
        domina a restricao clq1555

Restricao 3226, 1 novos cliques
    Original (21): 1501 1555 1602 1636 1729 1783 1830 1864 1957 2011 2058 2092 2133 2180 2214 2242 2271 2300 2329 2358 2387 
    0 (22): 1501 1555 1602 1636 1729 1783 1830 1864 1957 2011 2058 2092 2133 2180 2214 2242 2271 2300 2329 2358 2387 4163 
        domina a restricao clq1570

Restricao 3227, 1 novos cliques
    Original (21): 3893 3938 3983 4028 4073 4118 4163 4208 4253 4298 4343 4388 4433 4478 4523 4568 4613 4658 4703 4748 4793 
    0 (22): 1830 3893 3938 3983 4028 4073 4118 4163 4208 4253 4298 4343 4388 4433 4478 4523 4568 4613 4658 4703 4748 4793 
        domina a restricao clq1571

Restricao 3229, 1 novos cliques
    Original (18): 4988 5029 5102 5143 5184 5249 5290 5363 5404 5445 5510 5551 5624 5665 5706 6107 6148 6189 
    0 (20): 4988 5029 5102 5143 5184 5249 5290 5363 5404 5445 5510 5551 5624 5665 5706 6107 6148 6189 8648 8753 
        domina a restricao clq1573

Restricao 3232, 1 novos cliques
    Original (7): 5029 5290 5551 8508 8683 8858 9705 
    0 (8): 5029 5290 5551 8508 8683 8858 9606 9705 
        domina a restricao clq1576

Restricao 3236, 1 novos cliques
    Original (18): 8473 8508 8543 8578 8613 8648 8683 8718 8753 8788 8823 8858 8893 8928 8963 8998 9033 9068 
    0 (20): 5249 5404 8473 8508 8543 8578 8613 8648 8683 8718 8753 8788 8823 8858 8893 8928 8963 8998 9033 9068 
        domina a restricao clq1580

Restricao 3242, 1 novos cliques
    Original (5): 126 167 1327 3528 3608 
    0 (6): 126 167 339 1327 3528 3608 
        domina a restricao clq1586

Restricao 3243, 1 novos cliques
    Original (5): 167 208 1327 3608 3688 
    0 (6): 167 208 339 1327 3608 3688 
        domina a restricao clq1587

Restricao 3244, 1 novos cliques
    Original (5): 298 1183 3141 3270 3399 
    0 (6): 54 298 1183 3141 3270 3399 
        domina a restricao clq1588

Restricao 3246, 1 novos cliques
    Original (3): 1183 1238 1327 
    0 (6): 1183 1238 1327 3190 3319 3448 
        domina a restricao clq1590

Restricao 3247, 1 novos cliques
    Original (9): 3141 3190 3270 3319 3399 3448 3528 3608 3688 
    0 (10): 1238 3141 3190 3270 3319 3399 3448 3528 3608 3688 
        domina a restricao clq1591

Restricao 3261, 1 novos cliques
    Original (5): 409 6983 7021 9892 9923 
    0 (7): 253 409 6983 7021 9892 9923 9954 
        domina a restricao clq1605

Restricao 3263, 1 novos cliques
    Original (18): 4990 5031 5104 5145 5186 5251 5292 5365 5406 5447 5512 5553 5626 5667 5708 6109 6150 6191 
    0 (20): 4990 5031 5104 5145 5186 5251 5292 5365 5406 5447 5512 5553 5626 5667 5708 6109 6150 6191 8649 8754 
        domina a restricao clq1607

Restricao 3266, 1 novos cliques
    Original (7): 5031 5292 5553 8509 8684 8859 9704 
    0 (8): 5031 5292 5553 8509 8684 8859 9605 9704 
        domina a restricao clq1610

Restricao 3270, 1 novos cliques
    Original (18): 8474 8509 8544 8579 8614 8649 8684 8719 8754 8789 8824 8859 8894 8929 8964 8999 9034 9069 
    0 (20): 5251 5406 8474 8509 8544 8579 8614 8649 8684 8719 8754 8789 8824 8859 8894 8929 8964 8999 9034 9069 
        domina a restricao clq1614

Restricao 3274, 1 novos cliques
    Original (5): 410 6984 7022 9891 9922 
    0 (7): 254 410 6984 7022 9891 9922 9953 
        domina a restricao clq1618

Restricao 3290, 1 novos cliques
    Original (9): 1184 7798 7906 8014 8338 9997 10052 10107 10260 
    0 (12): 1184 1286 7798 7906 7978 8014 8338 9997 10052 10100 10107 10260 
        domina a restricao clq1634

Restricao 3305, 1 novos cliques
    Original (21): 1504 1558 1603 1637 1732 1786 1831 1865 1960 2014 2059 2093 2136 2181 2215 2241 2270 2299 2328 2357 2386 
    0 (22): 1504 1558 1603 1637 1732 1786 1831 1865 1960 2014 2059 2093 2136 2181 2215 2241 2270 2299 2328 2357 2386 4165 
        domina a restricao clq1649

Restricao 3306, 1 novos cliques
    Original (21): 3895 3940 3985 4030 4075 4120 4165 4210 4255 4300 4345 4390 4435 4480 4525 4570 4615 4660 4705 4750 4795 
    0 (22): 1831 3895 3940 3985 4030 4075 4120 4165 4210 4255 4300 4345 4390 4435 4480 4525 4570 4615 4660 4705 4750 4795 
        domina a restricao clq1650

Restricao 3310, 1 novos cliques
    Original (5): 411 6985 7023 9890 9921 
    0 (7): 255 411 6985 7023 9890 9921 9952 
        domina a restricao clq1654

Restricao 3322, 1 novos cliques
    Original (18): 4991 5032 5105 5146 5187 5252 5293 5366 5407 5448 5513 5554 5627 5668 5709 6110 6151 6192 
    0 (20): 4991 5032 5105 5146 5187 5252 5293 5366 5407 5448 5513 5554 5627 5668 5709 6110 6151 6192 8650 8755 
        domina a restricao clq1666

Restricao 3325, 1 novos cliques
    Original (7): 5032 5293 5554 8510 8685 8860 9703 
    0 (8): 5032 5293 5554 8510 8685 8860 9604 9703 
        domina a restricao clq1669

Restricao 3329, 1 novos cliques
    Original (18): 8475 8510 8545 8580 8615 8650 8685 8720 8755 8790 8825 8860 8895 8930 8965 9000 9035 9070 
    0 (20): 5252 5407 8475 8510 8545 8580 8615 8650 8685 8720 8755 8790 8825 8860 8895 8930 8965 9000 9035 9070 
        domina a restricao clq1673

Restricao 3333, 1 novos cliques
    Original (5): 412 6986 7024 9889 9920 
    0 (7): 256 412 6986 7024 9889 9920 9951 
        domina a restricao clq1677

Restricao 3343, 1 novos cliques
    Original (21): 1505 1559 1604 1638 1733 1787 1832 1866 1961 2015 2060 2094 2137 2182 2216 2240 2269 2298 2327 2356 2385 
    0 (22): 1505 1559 1604 1638 1733 1787 1832 1866 1961 2015 2060 2094 2137 2182 2216 2240 2269 2298 2327 2356 2385 4166 
        domina a restricao clq1687

Restricao 3344, 1 novos cliques
    Original (21): 3896 3941 3986 4031 4076 4121 4166 4211 4256 4301 4346 4391 4436 4481 4526 4571 4616 4661 4706 4751 4796 
    0 (22): 1832 3896 3941 3986 4031 4076 4121 4166 4211 4256 4301 4346 4391 4436 4481 4526 4571 4616 4661 4706 4751 4796 
        domina a restricao clq1688

Restricao 3349, 1 novos cliques
    Original (5): 128 169 1329 10161 10193 
    0 (6): 128 169 341 1329 10161 10193 
        domina a restricao clq1693

Restricao 3350, 1 novos cliques
    Original (5): 169 210 1329 10193 10225 
    0 (6): 169 210 341 1329 10193 10225 
        domina a restricao clq1694

Restricao 3351, 1 novos cliques
    Original (5): 300 1185 9996 10051 10106 
    0 (6): 56 300 1185 9996 10051 10106 
        domina a restricao clq1695

Restricao 3353, 1 novos cliques
    Original (3): 1185 1240 1329 
    0 (6): 1185 1240 1329 10019 10074 10129 
        domina a restricao clq1697

Restricao 3354, 1 novos cliques
    Original (9): 9996 10019 10051 10074 10106 10129 10161 10193 10225 
    0 (10): 1240 9996 10019 10051 10074 10106 10129 10161 10193 10225 
        domina a restricao clq1698

Restricao 3358, 1 novos cliques
    Original (9): 1186 3142 3271 3400 3752 7799 7907 8015 8339 
    0 (12): 1186 1287 3142 3271 3352 3400 3752 7799 7907 7979 8015 8339 
        domina a restricao clq1702

Restricao 3367, 1 novos cliques
    Original (8): 7800 7908 8016 8340 9995 10050 10105 10261 
    0 (10): 7800 7908 7980 8016 8340 9995 10050 10101 10105 10261 
        domina a restricao clq1711

Restricao 3374, 1 novos cliques
    Original (18): 4992 5033 5106 5147 5188 5253 5294 5367 5408 5449 5514 5555 5628 5669 5710 6111 6152 6193 
    0 (20): 4992 5033 5106 5147 5188 5253 5294 5367 5408 5449 5514 5555 5628 5669 5710 6111 6152 6193 8651 8756 
        domina a restricao clq1718

Restricao 3377, 1 novos cliques
    Original (7): 5033 5294 5555 8511 8686 8861 9702 
    0 (8): 5033 5294 5555 8511 8686 8861 9603 9702 
        domina a restricao clq1721

Restricao 3381, 1 novos cliques
    Original (18): 8476 8511 8546 8581 8616 8651 8686 8721 8756 8791 8826 8861 8896 8931 8966 9001 9036 9071 
    0 (20): 5253 5408 8476 8511 8546 8581 8616 8651 8686 8721 8756 8791 8826 8861 8896 8931 8966 9001 9036 9071 
        domina a restricao clq1725

Restricao 3386, 1 novos cliques
    Original (9): 1187 3143 3272 3401 3751 7801 7909 8017 8341 
    0 (12): 1187 1288 3143 3272 3351 3401 3751 7801 7909 7981 8017 8341 
        domina a restricao clq1730

Restricao 3407, 1 novos cliques
    Original (4): 129 170 3531 3611 
    0 (5): 129 170 342 3531 3611 
        domina a restricao clq1751

Restricao 3408, 1 novos cliques
    Original (4): 170 211 3611 3691 
    0 (5): 170 211 342 3611 3691 
        domina a restricao clq1752

Restricao 3409, 1 novos cliques
    Original (5): 278 301 3144 3273 3402 
    0 (6): 57 278 301 3144 3273 3402 
        domina a restricao clq1753

Restricao 3420, 1 novos cliques
    Original (21): 1507 1561 1605 1639 1735 1789 1833 1867 1963 2017 2061 2095 2139 2183 2217 2239 2268 2297 2326 2355 2384 
    0 (22): 1507 1561 1605 1639 1735 1789 1833 1867 1963 2017 2061 2095 2139 2183 2217 2239 2268 2297 2326 2355 2384 4167 
        domina a restricao clq1764

Restricao 3421, 1 novos cliques
    Original (21): 3897 3942 3987 4032 4077 4122 4167 4212 4257 4302 4347 4392 4437 4482 4527 4572 4617 4662 4707 4752 4797 
    0 (22): 1833 3897 3942 3987 4032 4077 4122 4167 4212 4257 4302 4347 4392 4437 4482 4527 4572 4617 4662 4707 4752 4797 
        domina a restricao clq1765

Restricao 3425, 1 novos cliques
    Original (18): 4993 5034 5107 5148 5189 5254 5295 5368 5409 5450 5515 5556 5629 5670 5711 6112 6153 6194 
    0 (20): 4993 5034 5107 5148 5189 5254 5295 5368 5409 5450 5515 5556 5629 5670 5711 6112 6153 6194 8652 8757 
        domina a restricao clq1769

Restricao 3428, 1 novos cliques
    Original (7): 5034 5295 5556 8512 8687 8862 9701 
    0 (8): 5034 5295 5556 8512 8687 8862 9602 9701 
        domina a restricao clq1772

Restricao 3432, 1 novos cliques
    Original (18): 8477 8512 8547 8582 8617 8652 8687 8722 8757 8792 8827 8862 8897 8932 8967 9002 9037 9072 
    0 (20): 5254 5409 8477 8512 8547 8582 8617 8652 8687 8722 8757 8792 8827 8862 8897 8932 8967 9002 9037 9072 
        domina a restricao clq1776

Restricao 3451, 1 novos cliques
    Original (5): 130 171 1332 10159 10191 
    0 (6): 130 171 343 1332 10159 10191 
        domina a restricao clq1795

Restricao 3452, 1 novos cliques
    Original (5): 171 212 1332 10191 10223 
    0 (6): 171 212 343 1332 10191 10223 
        domina a restricao clq1796

Restricao 3453, 1 novos cliques
    Original (5): 302 1188 9994 10049 10104 
    0 (6): 58 302 1188 9994 10049 10104 
        domina a restricao clq1797

Restricao 3455, 1 novos cliques
    Original (3): 1188 1243 1332 
    0 (6): 1188 1243 1332 10017 10072 10127 
        domina a restricao clq1799

Restricao 3456, 1 novos cliques
    Original (9): 9994 10017 10049 10072 10104 10127 10159 10191 10223 
    0 (10): 1243 9994 10017 10049 10072 10104 10127 10159 10191 10223 
        domina a restricao clq1800

Restricao 3460, 1 novos cliques
    Original (9): 1189 3145 3274 3403 3750 7802 7910 8018 8342 
    0 (12): 1189 1289 3145 3274 3350 3403 3750 7802 7910 7982 8018 8342 
        domina a restricao clq1804

Restricao 3475, 1 novos cliques
    Original (21): 1509 1563 1607 1641 1737 1791 1835 1869 1965 2019 2063 2097 2141 2185 2219 2238 2267 2296 2325 2354 2383 
    0 (22): 1509 1563 1607 1641 1737 1791 1835 1869 1965 2019 2063 2097 2141 2185 2219 2238 2267 2296 2325 2354 2383 4169 
        domina a restricao clq1819

Restricao 3476, 1 novos cliques
    Original (21): 3899 3944 3989 4034 4079 4124 4169 4214 4259 4304 4349 4394 4439 4484 4529 4574 4619 4664 4709 4754 4799 
    0 (22): 1835 3899 3944 3989 4034 4079 4124 4169 4214 4259 4304 4349 4394 4439 4484 4529 4574 4619 4664 4709 4754 4799 
        domina a restricao clq1820

Restricao 3480, 1 novos cliques
    Original (5): 399 6990 7028 9888 9919 
    0 (7): 243 399 6990 7028 9888 9919 9950 
        domina a restricao clq1824

Restricao 3525, 1 novos cliques
    Original (11): 7179 7209 7215 8366 8378 8385 8395 10268 10282 10289 10303 
    0 (15): 7179 7209 7215 7365 7372 8366 8378 8385 8395 8459 10268 10282 10289 10303 10376 
        domina a restricao clq1869

Restricao 3526, 1 novos cliques
    Original (11): 7179 7365 7372 8366 8385 8401 8459 10268 10289 10310 10376 
    0 (13): 7179 7365 7372 8366 8385 8395 8401 8459 10268 10289 10303 10310 10376 
        domina a restricao clq1870

Restricao 3528, 1 novos cliques
    Original (8): 8385 8395 8401 8411 10289 10303 10310 10324 
    0 (12): 7365 7372 8385 8395 8401 8411 8459 10289 10303 10310 10324 10376 
        domina a restricao clq1872

Restricao 3536, 1 novos cliques
    Original (8): 3785 3803 3821 7172 7180 10269 10290 10311 
    0 (10): 3785 3803 3810 3821 7172 7180 10269 10290 10297 10311 
        domina a restricao clq1880

Restricao 3569, 1 novos cliques
    Original (13): 1402 6228 6237 6295 6304 6362 6371 6586 6592 6597 6604 6611 6619 
    0 (14): 1402 6228 6237 6295 6304 6342 6362 6371 6586 6592 6597 6604 6611 6619 
        domina a restricao clq1913

Restricao 3574, 1 novos cliques
    Original (12): 6221 6228 6288 6295 6355 6362 6567 6574 6580 6586 6592 6597 
    0 (13): 6221 6228 6288 6295 6342 6355 6362 6567 6574 6580 6586 6592 6597 
        domina a restricao clq1918

Restricao 3578, 1 novos cliques
    Original (11): 3786 3804 3822 6229 6238 6296 6305 6363 6372 6587 6605 
    0 (12): 3786 3804 3822 6229 6238 6296 6305 6336 6363 6372 6587 6605 
        domina a restricao clq1922

Restricao 3583, 1 novos cliques
    Original (8): 6222 6229 6289 6296 6356 6363 6568 6587 
    0 (9): 6222 6229 6289 6296 6336 6356 6363 6568 6587 
        domina a restricao clq1927

Restricao 3601, 1 novos cliques
    Original (18): 4907 4913 4919 4924 4928 4932 6223 6230 6290 6297 6357 6364 6569 6575 6581 6588 6593 6598 
    0 (19): 4907 4913 4919 4924 4928 4932 6223 6230 6290 6297 6343 6357 6364 6569 6575 6581 6588 6593 6598 
        domina a restricao clq1945

Restricao 3602, 1 novos cliques
    Original (22): 4924 4928 4932 4938 4943 4950 6230 6239 6297 6306 6364 6373 6588 6593 6598 6606 6612 6620 10270 10291 10312 10377 
    0 (23): 4924 4928 4932 4938 4943 4950 6230 6239 6297 6306 6343 6364 6373 6588 6593 6598 6606 6612 6620 10270 10291 10312 10377 
        domina a restricao clq1946



Restricoes removidas:   379
Restricoes adicionadas: 379

Tempo execucao: 1573.06ms(Total: 17687.1ms)
