Restricao 5652, 1 novos cliques
    Original (32): 69 211 354 463 1281 1456 1528 1598 1808 1843 2019 2194 2404 2546 2581 2931 3176 3211 3282 3536 3571 3888 3924 4276 4559 4632 4810 4880 5237 5449 5485 5591 
Restricao 5653, 1 novos cliques
    Original (32): 70 212 355 464 1282 1457 1529 1599 1809 1844 2020 2195 2405 2547 2582 2932 3177 3212 3283 3537 3572 3889 3925 4277 4560 4633 4811 4881 5238 5450 5486 5592 
Restricao 5654, 1 novos cliques
    Original (32): 71 213 356 465 1283 1458 1530 1600 1810 1845 2021 2196 2406 2548 2583 2933 3178 3213 3284 3538 3573 3890 3926 4278 4561 4634 4812 4882 5239 5451 5487 5593 
Restricao 5655, 1 novos cliques
    Original (32): 72 214 357 466 1284 1459 1531 1601 1811 1846 2022 2197 2407 2549 2584 2934 3179 3214 3285 3539 3574 3891 3927 4279 4562 4635 4813 4883 5240 5452 5488 5594 
Restricao 5656, 1 novos cliques
    Original (32): 73 215 358 467 1285 1460 1532 1602 1812 1847 2023 2198 2408 2550 2585 2935 3180 3215 3286 3540 3575 3892 3928 4280 4563 4636 4814 4884 5241 5453 5489 5595 
Restricao 5657, 1 novos cliques
    Original (32): 74 216 359 468 1286 1461 1533 1603 1813 1848 2024 2199 2409 2551 2586 2936 3181 3216 3287 3541 3576 3893 3929 4281 4564 4637 4815 4885 5242 5454 5490 5596 
Restricao 5658, 1 novos cliques
    Original (32): 75 217 360 469 1287 1462 1534 1604 1814 1849 2025 2200 2410 2552 2587 2937 3182 3217 3288 3542 3577 3894 3930 4282 4565 4638 4816 4886 5243 5455 5491 5597 
Restricao 5659, 1 novos cliques
    Original (32): 76 218 361 470 1288 1463 1535 1605 1815 1850 2026 2201 2411 2553 2588 2938 3183 3218 3289 3543 3578 3895 3931 4283 4566 4639 4817 4887 5244 5456 5492 5598 
Restricao 5660, 1 novos cliques
    Original (32): 77 219 362 471 1289 1464 1536 1606 1816 1851 2027 2202 2412 2554 2589 2939 3184 3219 3290 3544 3579 3896 3932 4284 4567 4640 4818 4888 5245 5457 5493 5599 
Restricao 5661, 1 novos cliques
    Original (32): 78 220 363 472 1290 1465 1537 1607 1817 1852 2028 2203 2413 2555 2590 2940 3185 3220 3291 3545 3580 3897 3933 4285 4568 4641 4819 4889 5246 5458 5494 5600 
Restricao 5662, 1 novos cliques
    Original (32): 79 221 364 473 1291 1466 1538 1608 1818 1853 2029 2204 2414 2556 2591 2941 3186 3221 3292 3546 3581 3898 3934 4286 4569 4642 4820 4890 5247 5459 5495 5601 
Restricao 5663, 1 novos cliques
    Original (32): 80 222 365 474 1292 1467 1539 1609 1819 1854 2030 2205 2415 2557 2592 2942 3187 3222 3293 3547 3582 3899 3935 4287 4570 4643 4821 4891 5248 5460 5496 5602 
Restricao 5664, 1 novos cliques
    Original (32): 81 223 366 475 1293 1468 1540 1610 1820 1855 2031 2206 2416 2558 2593 2943 3188 3223 3294 3548 3583 3900 3936 4288 4571 4644 4822 4892 5249 5461 5497 5603 
Restricao 5665, 1 novos cliques
    Original (32): 82 224 367 476 1294 1469 1541 1611 1821 1856 2032 2207 2417 2559 2594 2944 3189 3224 3295 3549 3584 3901 3937 4289 4572 4645 4823 4893 5250 5462 5498 5604 
Restricao 5666, 1 novos cliques
    Original (32): 83 225 368 477 1295 1470 1542 1612 1822 1857 2033 2208 2418 2560 2595 2945 3190 3225 3296 3550 3585 3902 3938 4290 4573 4646 4824 4894 5251 5463 5499 5605 
Restricao 5667, 1 novos cliques
    Original (32): 84 226 369 478 1296 1471 1543 1613 1823 1858 2034 2209 2419 2561 2596 2946 3191 3226 3297 3551 3586 3903 3939 4291 4574 4647 4825 4895 5252 5464 5500 5606 
Restricao 5668, 1 novos cliques
    Original (32): 85 227 370 479 1297 1472 1544 1614 1824 1859 2035 2210 2420 2562 2597 2947 3192 3227 3298 3552 3587 3904 3940 4292 4575 4648 4826 4896 5253 5465 5501 5607 
Restricao 5669, 1 novos cliques
    Original (32): 86 228 371 480 1298 1473 1545 1615 1825 1860 2036 2211 2421 2563 2598 2948 3193 3228 3299 3553 3588 3905 3941 4293 4576 4649 4827 4897 5254 5466 5502 5608 
Restricao 5670, 1 novos cliques
    Original (32): 87 229 372 481 1299 1474 1546 1616 1826 1861 2037 2212 2422 2564 2599 2949 3194 3229 3300 3554 3589 3906 3942 4294 4577 4650 4828 4898 5255 5467 5503 5609 
Restricao 5671, 1 novos cliques
    Original (32): 88 230 373 482 1300 1475 1547 1617 1827 1862 2038 2213 2423 2565 2600 2950 3195 3230 3301 3555 3590 3907 3943 4295 4578 4651 4829 4899 5256 5468 5504 5610 
Restricao 5672, 1 novos cliques
    Original (32): 89 231 374 483 1301 1476 1548 1618 1828 1863 2039 2214 2424 2566 2601 2951 3196 3231 3302 3556 3591 3908 3944 4296 4579 4652 4830 4900 5257 5469 5505 5611 
Restricao 5673, 1 novos cliques
    Original (32): 90 232 375 484 1302 1477 1549 1619 1829 1864 2040 2215 2425 2567 2602 2952 3197 3232 3303 3557 3592 3909 3945 4297 4580 4653 4831 4901 5258 5470 5506 5612 
Restricao 5674, 1 novos cliques
    Original (32): 91 233 376 485 1303 1478 1550 1620 1830 1865 2041 2216 2426 2568 2603 2953 3198 3233 3304 3558 3593 3910 3946 4298 4581 4654 4832 4902 5259 5471 5507 5613 
Restricao 5675, 1 novos cliques
    Original (32): 92 234 377 486 1304 1479 1551 1621 1831 1866 2042 2217 2427 2569 2604 2954 3199 3234 3305 3559 3594 3911 3947 4299 4582 4655 4833 4903 5260 5472 5508 5614 
Restricao 5676, 1 novos cliques
    Original (32): 93 235 378 487 1305 1480 1552 1622 1832 1867 2043 2218 2428 2570 2605 2955 3200 3235 3306 3560 3595 3912 3948 4300 4583 4656 4834 4904 5261 5473 5509 5615 
Restricao 5677, 1 novos cliques
    Original (32): 94 236 379 488 1306 1481 1553 1623 1833 1868 2044 2219 2429 2571 2606 2956 3201 3236 3307 3561 3596 3913 3949 4301 4584 4657 4835 4905 5262 5474 5510 5616 
Restricao 5678, 1 novos cliques
    Original (32): 95 237 380 489 1307 1482 1554 1624 1834 1869 2045 2220 2430 2572 2607 2957 3202 3237 3308 3562 3597 3914 3950 4302 4585 4658 4836 4906 5263 5475 5511 5617 
Restricao 5679, 1 novos cliques
    Original (32): 96 238 381 490 1308 1483 1555 1625 1835 1870 2046 2221 2431 2573 2608 2958 3203 3238 3309 3563 3598 3915 3951 4303 4586 4659 4837 4907 5264 5476 5512 5618 
Restricao 5680, 1 novos cliques
    Original (32): 97 239 382 491 1309 1484 1556 1626 1836 1871 2047 2222 2432 2574 2609 2959 3204 3239 3310 3564 3599 3916 3952 4304 4587 4660 4838 4908 5265 5477 5513 5619 
Restricao 5681, 1 novos cliques
    Original (32): 98 240 383 492 1310 1485 1557 1627 1837 1872 2048 2223 2433 2575 2610 2960 3205 3240 3311 3565 3600 3917 3953 4305 4588 4661 4839 4909 5266 5478 5514 5620 
Restricao 5682, 1 novos cliques
    Original (32): 99 241 384 493 1311 1486 1558 1628 1838 1873 2049 2224 2434 2576 2611 2961 3206 3241 3312 3566 3601 3918 3954 4306 4589 4662 4840 4910 5267 5479 5515 5621 
Restricao 5683, 1 novos cliques
    Original (32): 100 242 385 494 1312 1487 1559 1629 1839 1874 2050 2225 2435 2577 2612 2962 3207 3242 3313 3567 3602 3919 3955 4307 4590 4663 4841 4911 5268 5480 5516 5622 
Restricao 5684, 1 novos cliques
    Original (32): 101 243 386 495 1313 1488 1560 1630 1840 1875 2051 2226 2436 2578 2613 2963 3208 3243 3314 3568 3603 3920 3956 4308 4591 4664 4842 4912 5269 5481 5517 5623 
Restricao 5685, 1 novos cliques
    Original (32): 102 244 387 496 1314 1489 1561 1631 1841 1876 2052 2227 2437 2579 2614 2964 3209 3244 3315 3569 3604 3921 3957 4309 4592 4665 4843 4913 5270 5482 5518 5624 
Restricao 5686, 1 novos cliques
    Original (32): 103 245 388 497 1315 1490 1562 1632 1842 1877 2053 2228 2438 2580 2615 2965 3210 3245 3316 3570 3605 3922 3958 4310 4593 4666 4844 4914 5271 5483 5519 5625 
Restricao 5687, 1 novos cliques
    Original (32): 104 318 391 463 819 854 994 1246 1351 1633 1738 2229 2264 2369 2404 2616 2861 3106 3246 3317 3430 3465 3641 3853 4065 4206 4702 4773 4845 4953 4988 5272 
Restricao 5688, 1 novos cliques
    Original (32): 105 319 392 464 820 855 995 1247 1352 1634 1739 2230 2265 2370 2405 2617 2862 3107 3247 3318 3431 3466 3642 3854 4066 4207 4703 4774 4846 4954 4989 5273 
Restricao 5689, 1 novos cliques
    Original (32): 106 320 393 465 821 856 996 1248 1353 1635 1740 2231 2266 2371 2406 2618 2863 3108 3248 3319 3432 3467 3643 3855 4067 4208 4704 4775 4847 4955 4990 5274 
Restricao 5690, 1 novos cliques
    Original (32): 107 321 394 466 822 857 997 1249 1354 1636 1741 2232 2267 2372 2407 2619 2864 3109 3249 3320 3433 3468 3644 3856 4068 4209 4705 4776 4848 4956 4991 5275 
Restricao 5691, 1 novos cliques
    Original (32): 108 322 395 467 823 858 998 1250 1355 1637 1742 2233 2268 2373 2408 2620 2865 3110 3250 3321 3434 3469 3645 3857 4069 4210 4706 4777 4849 4957 4992 5276 
Restricao 5692, 1 novos cliques
    Original (32): 109 323 396 468 824 859 999 1251 1356 1638 1743 2234 2269 2374 2409 2621 2866 3111 3251 3322 3435 3470 3646 3858 4070 4211 4707 4778 4850 4958 4993 5277 
Restricao 5693, 1 novos cliques
    Original (32): 110 324 397 469 825 860 1000 1252 1357 1639 1744 2235 2270 2375 2410 2622 2867 3112 3252 3323 3436 3471 3647 3859 4071 4212 4708 4779 4851 4959 4994 5278 
Restricao 5694, 1 novos cliques
    Original (32): 111 325 398 470 826 861 1001 1253 1358 1640 1745 2236 2271 2376 2411 2623 2868 3113 3253 3324 3437 3472 3648 3860 4072 4213 4709 4780 4852 4960 4995 5279 
Restricao 5695, 1 novos cliques
    Original (32): 112 326 399 471 827 862 1002 1254 1359 1641 1746 2237 2272 2377 2412 2624 2869 3114 3254 3325 3438 3473 3649 3861 4073 4214 4710 4781 4853 4961 4996 5280 
Restricao 5696, 1 novos cliques
    Original (32): 113 327 400 472 828 863 1003 1255 1360 1642 1747 2238 2273 2378 2413 2625 2870 3115 3255 3326 3439 3474 3650 3862 4074 4215 4711 4782 4854 4962 4997 5281 
Restricao 5697, 1 novos cliques
    Original (32): 114 328 401 473 829 864 1004 1256 1361 1643 1748 2239 2274 2379 2414 2626 2871 3116 3256 3327 3440 3475 3651 3863 4075 4216 4712 4783 4855 4963 4998 5282 
Restricao 5698, 1 novos cliques
    Original (32): 115 329 402 474 830 865 1005 1257 1362 1644 1749 2240 2275 2380 2415 2627 2872 3117 3257 3328 3441 3476 3652 3864 4076 4217 4713 4784 4856 4964 4999 5283 
Restricao 5699, 1 novos cliques
    Original (32): 116 330 403 475 831 866 1006 1258 1363 1645 1750 2241 2276 2381 2416 2628 2873 3118 3258 3329 3442 3477 3653 3865 4077 4218 4714 4785 4857 4965 5000 5284 
Restricao 5700, 1 novos cliques
    Original (32): 117 331 404 476 832 867 1007 1259 1364 1646 1751 2242 2277 2382 2417 2629 2874 3119 3259 3330 3443 3478 3654 3866 4078 4219 4715 4786 4858 4966 5001 5285 
Restricao 5701, 1 novos cliques
    Original (32): 118 332 405 477 833 868 1008 1260 1365 1647 1752 2243 2278 2383 2418 2630 2875 3120 3260 3331 3444 3479 3655 3867 4079 4220 4716 4787 4859 4967 5002 5286 
Restricao 5702, 1 novos cliques
    Original (32): 119 333 406 478 834 869 1009 1261 1366 1648 1753 2244 2279 2384 2419 2631 2876 3121 3261 3332 3445 3480 3656 3868 4080 4221 4717 4788 4860 4968 5003 5287 
Restricao 5703, 1 novos cliques
    Original (32): 120 334 407 479 835 870 1010 1262 1367 1649 1754 2245 2280 2385 2420 2632 2877 3122 3262 3333 3446 3481 3657 3869 4081 4222 4718 4789 4861 4969 5004 5288 
Restricao 5704, 1 novos cliques
    Original (32): 121 335 408 480 836 871 1011 1263 1368 1650 1755 2246 2281 2386 2421 2633 2878 3123 3263 3334 3447 3482 3658 3870 4082 4223 4719 4790 4862 4970 5005 5289 
Restricao 5705, 1 novos cliques
    Original (32): 122 336 409 481 837 872 1012 1264 1369 1651 1756 2247 2282 2387 2422 2634 2879 3124 3264 3335 3448 3483 3659 3871 4083 4224 4720 4791 4863 4971 5006 5290 
Restricao 5706, 1 novos cliques
    Original (32): 123 337 410 482 838 873 1013 1265 1370 1652 1757 2248 2283 2388 2423 2635 2880 3125 3265 3336 3449 3484 3660 3872 4084 4225 4721 4792 4864 4972 5007 5291 
Restricao 5707, 1 novos cliques
    Original (32): 124 338 411 483 839 874 1014 1266 1371 1653 1758 2249 2284 2389 2424 2636 2881 3126 3266 3337 3450 3485 3661 3873 4085 4226 4722 4793 4865 4973 5008 5292 
Restricao 5708, 1 novos cliques
    Original (32): 125 339 412 484 840 875 1015 1267 1372 1654 1759 2250 2285 2390 2425 2637 2882 3127 3267 3338 3451 3486 3662 3874 4086 4227 4723 4794 4866 4974 5009 5293 
Restricao 5709, 1 novos cliques
    Original (32): 126 340 413 485 841 876 1016 1268 1373 1655 1760 2251 2286 2391 2426 2638 2883 3128 3268 3339 3452 3487 3663 3875 4087 4228 4724 4795 4867 4975 5010 5294 
Restricao 5710, 1 novos cliques
    Original (32): 127 341 414 486 842 877 1017 1269 1374 1656 1761 2252 2287 2392 2427 2639 2884 3129 3269 3340 3453 3488 3664 3876 4088 4229 4725 4796 4868 4976 5011 5295 
Restricao 5711, 1 novos cliques
    Original (32): 128 342 415 487 843 878 1018 1270 1375 1657 1762 2253 2288 2393 2428 2640 2885 3130 3270 3341 3454 3489 3665 3877 4089 4230 4726 4797 4869 4977 5012 5296 
Restricao 5712, 1 novos cliques
    Original (32): 129 343 416 488 844 879 1019 1271 1376 1658 1763 2254 2289 2394 2429 2641 2886 3131 3271 3342 3455 3490 3666 3878 4090 4231 4727 4798 4870 4978 5013 5297 
Restricao 5713, 1 novos cliques
    Original (32): 130 344 417 489 845 880 1020 1272 1377 1659 1764 2255 2290 2395 2430 2642 2887 3132 3272 3343 3456 3491 3667 3879 4091 4232 4728 4799 4871 4979 5014 5298 
Restricao 5714, 1 novos cliques
    Original (32): 131 345 418 490 846 881 1021 1273 1378 1660 1765 2256 2291 2396 2431 2643 2888 3133 3273 3344 3457 3492 3668 3880 4092 4233 4729 4800 4872 4980 5015 5299 
Restricao 5715, 1 novos cliques
    Original (32): 132 346 419 491 847 882 1022 1274 1379 1661 1766 2257 2292 2397 2432 2644 2889 3134 3274 3345 3458 3493 3669 3881 4093 4234 4730 4801 4873 4981 5016 5300 
Restricao 5716, 1 novos cliques
    Original (32): 133 347 420 492 848 883 1023 1275 1380 1662 1767 2258 2293 2398 2433 2645 2890 3135 3275 3346 3459 3494 3670 3882 4094 4235 4731 4802 4874 4982 5017 5301 
Restricao 5717, 1 novos cliques
    Original (32): 134 348 421 493 849 884 1024 1276 1381 1663 1768 2259 2294 2399 2434 2646 2891 3136 3276 3347 3460 3495 3671 3883 4095 4236 4732 4803 4875 4983 5018 5302 
Restricao 5718, 1 novos cliques
    Original (32): 135 349 422 494 850 885 1025 1277 1382 1664 1769 2260 2295 2400 2435 2647 2892 3137 3277 3348 3461 3496 3672 3884 4096 4237 4733 4804 4876 4984 5019 5303 
Restricao 5719, 1 novos cliques
    Original (32): 136 350 423 495 851 886 1026 1278 1383 1665 1770 2261 2296 2401 2436 2648 2893 3138 3278 3349 3462 3497 3673 3885 4097 4238 4734 4805 4877 4985 5020 5304 
Restricao 5720, 1 novos cliques
    Original (32): 137 351 424 496 852 887 1027 1279 1384 1666 1771 2262 2297 2402 2437 2649 2894 3139 3279 3350 3463 3498 3674 3886 4098 4239 4735 4806 4878 4986 5021 5305 
Restricao 5721, 1 novos cliques
    Original (32): 138 352 425 497 853 888 1028 1280 1385 1667 1772 2263 2298 2403 2438 2650 2895 3140 3280 3351 3464 3499 3675 3887 4099 4240 4736 4807 4879 4987 5022 5306 
Restricao 5722, 1 novos cliques
    Original (2): 139 4029 
Restricao 5723, 1 novos cliques
    Original (3): 140 3535 5236 
Restricao 5724, 1 novos cliques
    Original (32): 141 176 354 569 676 889 1211 1281 1456 1493 1528 1598 1703 2019 2159 2334 2546 2651 2931 3282 3353 3500 3536 3606 3888 4030 4346 4381 4667 5237 5344 5520 
Restricao 5725, 1 novos cliques
    Original (32): 142 177 355 570 677 890 1212 1282 1457 1494 1529 1599 1704 2020 2160 2335 2547 2652 2932 3283 3354 3501 3537 3607 3889 4031 4347 4382 4668 5238 5345 5521 
Restricao 5726, 1 novos cliques
    Original (32): 143 178 356 571 678 891 1213 1283 1458 1495 1530 1600 1705 2021 2161 2336 2548 2653 2933 3284 3355 3502 3538 3608 3890 4032 4348 4383 4669 5239 5346 5522 
Restricao 5727, 1 novos cliques
    Original (32): 144 179 357 572 679 892 1214 1284 1459 1496 1531 1601 1706 2022 2162 2337 2549 2654 2934 3285 3356 3503 3539 3609 3891 4033 4349 4384 4670 5240 5347 5523 
Restricao 5728, 1 novos cliques
    Original (32): 145 180 358 573 680 893 1215 1285 1460 1497 1532 1602 1707 2023 2163 2338 2550 2655 2935 3286 3357 3504 3540 3610 3892 4034 4350 4385 4671 5241 5348 5524 
Restricao 5729, 1 novos cliques
    Original (32): 146 181 359 574 681 894 1216 1286 1461 1498 1533 1603 1708 2024 2164 2339 2551 2656 2936 3287 3358 3505 3541 3611 3893 4035 4351 4386 4672 5242 5349 5525 
Restricao 5730, 1 novos cliques
    Original (32): 147 182 360 575 682 895 1217 1287 1462 1499 1534 1604 1709 2025 2165 2340 2552 2657 2937 3288 3359 3506 3542 3612 3894 4036 4352 4387 4673 5243 5350 5526 
Restricao 5731, 1 novos cliques
    Original (32): 148 183 361 576 683 896 1218 1288 1463 1500 1535 1605 1710 2026 2166 2341 2553 2658 2938 3289 3360 3507 3543 3613 3895 4037 4353 4388 4674 5244 5351 5527 
Restricao 5732, 1 novos cliques
    Original (32): 149 184 362 577 684 897 1219 1289 1464 1501 1536 1606 1711 2027 2167 2342 2554 2659 2939 3290 3361 3508 3544 3614 3896 4038 4354 4389 4675 5245 5352 5528 
Restricao 5733, 1 novos cliques
    Original (32): 150 185 363 578 685 898 1220 1290 1465 1502 1537 1607 1712 2028 2168 2343 2555 2660 2940 3291 3362 3509 3545 3615 3897 4039 4355 4390 4676 5246 5353 5529 
Restricao 5734, 1 novos cliques
    Original (32): 151 186 364 579 686 899 1221 1291 1466 1503 1538 1608 1713 2029 2169 2344 2556 2661 2941 3292 3363 3510 3546 3616 3898 4040 4356 4391 4677 5247 5354 5530 
Restricao 5735, 1 novos cliques
    Original (32): 152 187 365 580 687 900 1222 1292 1467 1504 1539 1609 1714 2030 2170 2345 2557 2662 2942 3293 3364 3511 3547 3617 3899 4041 4357 4392 4678 5248 5355 5531 
Restricao 5736, 1 novos cliques
    Original (32): 153 188 366 581 688 901 1223 1293 1468 1505 1540 1610 1715 2031 2171 2346 2558 2663 2943 3294 3365 3512 3548 3618 3900 4042 4358 4393 4679 5249 5356 5532 
Restricao 5737, 1 novos cliques
    Original (32): 154 189 367 582 689 902 1224 1294 1469 1506 1541 1611 1716 2032 2172 2347 2559 2664 2944 3295 3366 3513 3549 3619 3901 4043 4359 4394 4680 5250 5357 5533 
Restricao 5738, 1 novos cliques
    Original (32): 155 190 368 583 690 903 1225 1295 1470 1507 1542 1612 1717 2033 2173 2348 2560 2665 2945 3296 3367 3514 3550 3620 3902 4044 4360 4395 4681 5251 5358 5534 
Restricao 5739, 1 novos cliques
    Original (32): 156 191 369 584 691 904 1226 1296 1471 1508 1543 1613 1718 2034 2174 2349 2561 2666 2946 3297 3368 3515 3551 3621 3903 4045 4361 4396 4682 5252 5359 5535 
Restricao 5740, 1 novos cliques
    Original (32): 157 192 370 585 692 905 1227 1297 1472 1509 1544 1614 1719 2035 2175 2350 2562 2667 2947 3298 3369 3516 3552 3622 3904 4046 4362 4397 4683 5253 5360 5536 
Restricao 5741, 1 novos cliques
    Original (32): 158 193 371 586 693 906 1228 1298 1473 1510 1545 1615 1720 2036 2176 2351 2563 2668 2948 3299 3370 3517 3553 3623 3905 4047 4363 4398 4684 5254 5361 5537 
Restricao 5742, 1 novos cliques
    Original (32): 159 194 372 587 694 907 1229 1299 1474 1511 1546 1616 1721 2037 2177 2352 2564 2669 2949 3300 3371 3518 3554 3624 3906 4048 4364 4399 4685 5255 5362 5538 
Restricao 5743, 1 novos cliques
    Original (32): 160 195 373 588 695 908 1230 1300 1475 1512 1547 1617 1722 2038 2178 2353 2565 2670 2950 3301 3372 3519 3555 3625 3907 4049 4365 4400 4686 5256 5363 5539 
Restricao 5744, 1 novos cliques
    Original (32): 161 196 374 589 696 909 1231 1301 1476 1513 1548 1618 1723 2039 2179 2354 2566 2671 2951 3302 3373 3520 3556 3626 3908 4050 4366 4401 4687 5257 5364 5540 
Restricao 5745, 1 novos cliques
    Original (32): 162 197 375 590 697 910 1232 1302 1477 1514 1549 1619 1724 2040 2180 2355 2567 2672 2952 3303 3374 3521 3557 3627 3909 4051 4367 4402 4688 5258 5365 5541 
Restricao 5746, 1 novos cliques
    Original (32): 163 198 376 591 698 911 1233 1303 1478 1515 1550 1620 1725 2041 2181 2356 2568 2673 2953 3304 3375 3522 3558 3628 3910 4052 4368 4403 4689 5259 5366 5542 
Restricao 5747, 1 novos cliques
    Original (32): 164 199 377 592 699 912 1234 1304 1479 1516 1551 1621 1726 2042 2182 2357 2569 2674 2954 3305 3376 3523 3559 3629 3911 4053 4369 4404 4690 5260 5367 5543 
Restricao 5748, 1 novos cliques
    Original (32): 165 200 378 593 700 913 1235 1305 1480 1517 1552 1622 1727 2043 2183 2358 2570 2675 2955 3306 3377 3524 3560 3630 3912 4054 4370 4405 4691 5261 5368 5544 
Restricao 5749, 1 novos cliques
    Original (32): 166 201 379 594 701 914 1236 1306 1481 1518 1553 1623 1728 2044 2184 2359 2571 2676 2956 3307 3378 3525 3561 3631 3913 4055 4371 4406 4692 5262 5369 5545 
Restricao 5750, 1 novos cliques
    Original (32): 167 202 380 595 702 915 1237 1307 1482 1519 1554 1624 1729 2045 2185 2360 2572 2677 2957 3308 3379 3526 3562 3632 3914 4056 4372 4407 4693 5263 5370 5546 
Restricao 5751, 1 novos cliques
    Original (32): 168 203 381 596 703 916 1238 1308 1483 1520 1555 1625 1730 2046 2186 2361 2573 2678 2958 3309 3380 3527 3563 3633 3915 4057 4373 4408 4694 5264 5371 5547 
Restricao 5752, 1 novos cliques
    Original (32): 169 204 382 597 704 917 1239 1309 1484 1521 1556 1626 1731 2047 2187 2362 2574 2679 2959 3310 3381 3528 3564 3634 3916 4058 4374 4409 4695 5265 5372 5548 
Restricao 5753, 1 novos cliques
    Original (32): 170 205 383 598 705 918 1240 1310 1485 1522 1557 1627 1732 2048 2188 2363 2575 2680 2960 3311 3382 3529 3565 3635 3917 4059 4375 4410 4696 5266 5373 5549 
Restricao 5754, 1 novos cliques
    Original (32): 171 206 384 599 706 919 1241 1311 1486 1523 1558 1628 1733 2049 2189 2364 2576 2681 2961 3312 3383 3530 3566 3636 3918 4060 4376 4411 4697 5267 5374 5550 
Restricao 5755, 1 novos cliques
    Original (32): 172 207 385 600 707 920 1242 1312 1487 1524 1559 1629 1734 2050 2190 2365 2577 2682 2962 3313 3384 3531 3567 3637 3919 4061 4377 4412 4698 5268 5375 5551 
Restricao 5756, 1 novos cliques
    Original (32): 173 208 386 601 708 921 1243 1313 1488 1525 1560 1630 1735 2051 2191 2366 2578 2683 2963 3314 3385 3532 3568 3638 3920 4062 4378 4413 4699 5269 5376 5552 
Restricao 5757, 1 novos cliques
    Original (32): 174 209 387 602 709 922 1244 1314 1489 1526 1561 1631 1736 2052 2192 2367 2579 2684 2964 3315 3386 3533 3569 3639 3921 4063 4379 4414 4700 5270 5377 5553 
Restricao 5758, 1 novos cliques
    Original (32): 175 210 388 603 710 923 1245 1315 1490 1527 1562 1632 1737 2053 2193 2368 2580 2685 2965 3316 3387 3534 3570 3640 3922 4064 4380 4415 4701 5271 5378 5554 
Restricao 5759, 1 novos cliques
    Original (4): 246 2686 2896 3676 
Restricao 5760, 1 novos cliques
    Original (3): 246 2896 3676 
Restricao 5761, 1 novos cliques
    Original (4): 247 2687 2897 3677 
Restricao 5762, 1 novos cliques
    Original (3): 247 2897 3677 
Restricao 5763, 1 novos cliques
    Original (4): 248 2688 2898 3678 
Restricao 5764, 1 novos cliques
    Original (3): 248 2898 3678 
Restricao 5765, 1 novos cliques
    Original (4): 249 2689 2899 3679 
Restricao 5766, 1 novos cliques
    Original (3): 249 2899 3679 
Restricao 5767, 1 novos cliques
    Original (4): 250 2690 2900 3680 
Restricao 5768, 1 novos cliques
    Original (3): 250 2900 3680 
Restricao 5769, 1 novos cliques
    Original (4): 251 2691 2901 3681 
Restricao 5770, 1 novos cliques
    Original (3): 251 2901 3681 
Restricao 5771, 1 novos cliques
    Original (4): 252 2692 2902 3682 
Restricao 5772, 1 novos cliques
    Original (3): 252 2902 3682 
Restricao 5773, 1 novos cliques
    Original (4): 253 2693 2903 3683 
Restricao 5774, 1 novos cliques
    Original (3): 253 2903 3683 
Restricao 5775, 1 novos cliques
    Original (4): 254 2694 2904 3684 
Restricao 5776, 1 novos cliques
    Original (3): 254 2904 3684 
Restricao 5777, 1 novos cliques
    Original (4): 255 2695 2905 3685 
Restricao 5778, 1 novos cliques
    Original (3): 255 2905 3685 
Restricao 5779, 1 novos cliques
    Original (4): 256 2696 2906 3686 
Restricao 5780, 1 novos cliques
    Original (3): 256 2906 3686 
Restricao 5781, 1 novos cliques
    Original (4): 257 2697 2907 3687 
Restricao 5782, 1 novos cliques
    Original (3): 257 2907 3687 
Restricao 5783, 1 novos cliques
    Original (4): 258 2698 2908 3688 
Restricao 5784, 1 novos cliques
    Original (3): 258 2908 3688 
Restricao 5785, 1 novos cliques
    Original (4): 259 2699 2909 3689 
Restricao 5786, 1 novos cliques
    Original (3): 259 2909 3689 
Restricao 5787, 1 novos cliques
    Original (4): 260 2700 2910 3690 
Restricao 5788, 1 novos cliques
    Original (3): 260 2910 3690 
Restricao 5789, 1 novos cliques
    Original (4): 261 2701 2911 3691 
Restricao 5790, 1 novos cliques
    Original (3): 261 2911 3691 
Restricao 5791, 1 novos cliques
    Original (4): 262 2702 2912 3692 
Restricao 5792, 1 novos cliques
    Original (3): 262 2912 3692 
Restricao 5793, 1 novos cliques
    Original (4): 263 2703 2913 3693 
Restricao 5794, 1 novos cliques
    Original (3): 263 2913 3693 
Restricao 5795, 1 novos cliques
    Original (4): 264 2704 2914 3694 
Restricao 5796, 1 novos cliques
    Original (3): 264 2914 3694 
Restricao 5797, 1 novos cliques
    Original (4): 265 2705 2915 3695 
Restricao 5798, 1 novos cliques
    Original (3): 265 2915 3695 
Restricao 5799, 1 novos cliques
    Original (4): 266 2706 2916 3696 
Restricao 5800, 1 novos cliques
    Original (3): 266 2916 3696 
Restricao 5801, 1 novos cliques
    Original (4): 267 2707 2917 3697 
Restricao 5802, 1 novos cliques
    Original (3): 267 2917 3697 
Restricao 5803, 1 novos cliques
    Original (4): 268 2708 2918 3698 
Restricao 5804, 1 novos cliques
    Original (3): 268 2918 3698 
Restricao 5805, 1 novos cliques
    Original (4): 269 2709 2919 3699 
Restricao 5806, 1 novos cliques
    Original (3): 269 2919 3699 
Restricao 5807, 1 novos cliques
    Original (4): 270 2710 2920 3700 
Restricao 5808, 1 novos cliques
    Original (3): 270 2920 3700 
Restricao 5809, 1 novos cliques
    Original (4): 271 2711 2921 3701 
Restricao 5810, 1 novos cliques
    Original (3): 271 2921 3701 
Restricao 5811, 1 novos cliques
    Original (4): 272 2712 2922 3702 
Restricao 5812, 1 novos cliques
    Original (3): 272 2922 3702 
Restricao 5813, 1 novos cliques
    Original (4): 273 2713 2923 3703 
Restricao 5814, 1 novos cliques
    Original (3): 273 2923 3703 
Restricao 5815, 1 novos cliques
    Original (4): 274 2714 2924 3704 
Restricao 5816, 1 novos cliques
    Original (3): 274 2924 3704 
Restricao 5817, 1 novos cliques
    Original (4): 275 2715 2925 3705 
Restricao 5818, 1 novos cliques
    Original (3): 275 2925 3705 
Restricao 5819, 1 novos cliques
    Original (4): 276 2716 2926 3706 
Restricao 5820, 1 novos cliques
    Original (3): 276 2926 3706 
Restricao 5821, 1 novos cliques
    Original (4): 277 2717 2927 3707 
Restricao 5822, 1 novos cliques
    Original (3): 277 2927 3707 
Restricao 5823, 1 novos cliques
    Original (4): 278 2718 2928 3708 
Restricao 5824, 1 novos cliques
    Original (3): 278 2928 3708 
Restricao 5825, 1 novos cliques
    Original (4): 279 2719 2929 3709 
Restricao 5826, 1 novos cliques
    Original (3): 279 2929 3709 
Restricao 5827, 1 novos cliques
    Original (4): 280 2720 2930 3710 
Restricao 5828, 1 novos cliques
    Original (3): 280 2930 3710 
Restricao 5829, 1 novos cliques
    Original (8): 281 959 1064 1316 1668 3141 3818 4171 
Restricao 5830, 1 novos cliques
    Original (7): 281 1064 1316 2721 3141 3818 5307 
Restricao 5831, 1 novos cliques
    Original (8): 282 960 1065 1317 1669 3142 3819 4172 
Restricao 5832, 1 novos cliques
    Original (7): 282 1065 1317 2722 3142 3819 5308 
Restricao 5833, 1 novos cliques
    Original (8): 283 961 1066 1318 1670 3143 3820 4173 
Restricao 5834, 1 novos cliques
    Original (7): 283 1066 1318 2723 3143 3820 5309 
Restricao 5835, 1 novos cliques
    Original (8): 284 962 1067 1319 1671 3144 3821 4174 
Restricao 5836, 1 novos cliques
    Original (7): 284 1067 1319 2724 3144 3821 5310 
Restricao 5837, 1 novos cliques
    Original (8): 285 963 1068 1320 1672 3145 3822 4175 
Restricao 5838, 1 novos cliques
    Original (7): 285 1068 1320 2725 3145 3822 5311 
Restricao 5839, 1 novos cliques
    Original (8): 286 964 1069 1321 1673 3146 3823 4176 
Restricao 5840, 1 novos cliques
    Original (7): 286 1069 1321 2726 3146 3823 5312 
Restricao 5841, 1 novos cliques
    Original (8): 287 965 1070 1322 1674 3147 3824 4177 
Restricao 5842, 1 novos cliques
    Original (7): 287 1070 1322 2727 3147 3824 5313 
Restricao 5843, 1 novos cliques
    Original (8): 288 966 1071 1323 1675 3148 3825 4178 
Restricao 5844, 1 novos cliques
    Original (7): 288 1071 1323 2728 3148 3825 5314 
Restricao 5845, 1 novos cliques
    Original (8): 289 967 1072 1324 1676 3149 3826 4179 
Restricao 5846, 1 novos cliques
    Original (7): 289 1072 1324 2729 3149 3826 5315 
Restricao 5847, 1 novos cliques
    Original (8): 290 968 1073 1325 1677 3150 3827 4180 
Restricao 5848, 1 novos cliques
    Original (7): 290 1073 1325 2730 3150 3827 5316 
Restricao 5849, 1 novos cliques
    Original (8): 291 969 1074 1326 1678 3151 3828 4181 
Restricao 5850, 1 novos cliques
    Original (7): 291 1074 1326 2731 3151 3828 5317 
Restricao 5851, 1 novos cliques
    Original (8): 292 970 1075 1327 1679 3152 3829 4182 
Restricao 5852, 1 novos cliques
    Original (7): 292 1075 1327 2732 3152 3829 5318 
Restricao 5853, 1 novos cliques
    Original (8): 293 971 1076 1328 1680 3153 3830 4183 
Restricao 5854, 1 novos cliques
    Original (7): 293 1076 1328 2733 3153 3830 5319 
Restricao 5855, 1 novos cliques
    Original (8): 294 972 1077 1329 1681 3154 3831 4184 
Restricao 5856, 1 novos cliques
    Original (7): 294 1077 1329 2734 3154 3831 5320 
Restricao 5857, 1 novos cliques
    Original (8): 295 973 1078 1330 1682 3155 3832 4185 
Restricao 5858, 1 novos cliques
    Original (7): 295 1078 1330 2735 3155 3832 5321 
Restricao 5859, 1 novos cliques
    Original (8): 296 974 1079 1331 1683 3156 3833 4186 
Restricao 5860, 1 novos cliques
    Original (7): 296 1079 1331 2736 3156 3833 5322 
Restricao 5861, 1 novos cliques
    Original (8): 297 975 1080 1332 1684 3157 3834 4187 
Restricao 5862, 1 novos cliques
    Original (7): 297 1080 1332 2737 3157 3834 5323 
Restricao 5863, 1 novos cliques
    Original (8): 298 976 1081 1333 1685 3158 3835 4188 
Restricao 5864, 1 novos cliques
    Original (7): 298 1081 1333 2738 3158 3835 5324 
Restricao 5865, 1 novos cliques
    Original (8): 299 977 1082 1334 1686 3159 3836 4189 
Restricao 5866, 1 novos cliques
    Original (7): 299 1082 1334 2739 3159 3836 5325 
Restricao 5867, 1 novos cliques
    Original (8): 300 978 1083 1335 1687 3160 3837 4190 
Restricao 5868, 1 novos cliques
    Original (7): 300 1083 1335 2740 3160 3837 5326 
Restricao 5869, 1 novos cliques
    Original (8): 301 979 1084 1336 1688 3161 3838 4191 
Restricao 5870, 1 novos cliques
    Original (7): 301 1084 1336 2741 3161 3838 5327 
Restricao 5871, 1 novos cliques
    Original (8): 302 980 1085 1337 1689 3162 3839 4192 
Restricao 5872, 1 novos cliques
    Original (7): 302 1085 1337 2742 3162 3839 5328 
Restricao 5873, 1 novos cliques
    Original (8): 303 981 1086 1338 1690 3163 3840 4193 
Restricao 5874, 1 novos cliques
    Original (7): 303 1086 1338 2743 3163 3840 5329 
Restricao 5875, 1 novos cliques
    Original (8): 304 982 1087 1339 1691 3164 3841 4194 
Restricao 5876, 1 novos cliques
    Original (7): 304 1087 1339 2744 3164 3841 5330 
Restricao 5877, 1 novos cliques
    Original (8): 305 983 1088 1340 1692 3165 3842 4195 
Restricao 5878, 1 novos cliques
    Original (7): 305 1088 1340 2745 3165 3842 5331 
Restricao 5879, 1 novos cliques
    Original (8): 306 984 1089 1341 1693 3166 3843 4196 
Restricao 5880, 1 novos cliques
    Original (7): 306 1089 1341 2746 3166 3843 5332 
Restricao 5881, 1 novos cliques
    Original (8): 307 985 1090 1342 1694 3167 3844 4197 
Restricao 5882, 1 novos cliques
    Original (7): 307 1090 1342 2747 3167 3844 5333 
Restricao 5883, 1 novos cliques
    Original (8): 308 986 1091 1343 1695 3168 3845 4198 
Restricao 5884, 1 novos cliques
    Original (7): 308 1091 1343 2748 3168 3845 5334 
Restricao 5885, 1 novos cliques
    Original (8): 309 987 1092 1344 1696 3169 3846 4199 
Restricao 5886, 1 novos cliques
    Original (7): 309 1092 1344 2749 3169 3846 5335 
Restricao 5887, 1 novos cliques
    Original (8): 310 988 1093 1345 1697 3170 3847 4200 
Restricao 5888, 1 novos cliques
    Original (7): 310 1093 1345 2750 3170 3847 5336 
Restricao 5889, 1 novos cliques
    Original (8): 311 989 1094 1346 1698 3171 3848 4201 
Restricao 5890, 1 novos cliques
    Original (7): 311 1094 1346 2751 3171 3848 5337 
Restricao 5891, 1 novos cliques
    Original (8): 312 990 1095 1347 1699 3172 3849 4202 
Restricao 5892, 1 novos cliques
    Original (7): 312 1095 1347 2752 3172 3849 5338 
Restricao 5893, 1 novos cliques
    Original (8): 313 991 1096 1348 1700 3173 3850 4203 
Restricao 5894, 1 novos cliques
    Original (7): 313 1096 1348 2753 3173 3850 5339 
Restricao 5895, 1 novos cliques
    Original (8): 314 992 1097 1349 1701 3174 3851 4204 
Restricao 5896, 1 novos cliques
    Original (7): 314 1097 1349 2754 3174 3851 5340 
Restricao 5897, 1 novos cliques
    Original (8): 315 993 1098 1350 1702 3175 3852 4205 
Restricao 5898, 1 novos cliques
    Original (7): 315 1098 1350 2755 3175 3852 5341 
Restricao 5899, 2 novos cliques
    Original (2): 316 389 
Restricao 5900, 1 novos cliques
    Original (3): 317 390 426 
Restricao 5901, 1 novos cliques
    Original (4): 317 390 462 4772 
Restricao 5902, 1 novos cliques
    Original (34): 318 391 427 605 1029 1136 1174 1351 1563 1633 1773 1949 2054 2124 2299 2475 2510 2756 3106 3317 3711 3748 3853 3994 4311 4489 4524 4845 4917 5095 5165 5200 5379 5556 
Restricao 5903, 1 novos cliques
    Original (34): 319 392 428 606 1030 1137 1175 1352 1564 1634 1774 1950 2055 2125 2300 2476 2511 2757 3107 3318 3712 3749 3854 3995 4312 4490 4525 4846 4918 5096 5166 5201 5380 5557 
Restricao 5904, 1 novos cliques
    Original (34): 320 393 429 607 1031 1138 1176 1353 1565 1635 1775 1951 2056 2126 2301 2477 2512 2758 3108 3319 3713 3750 3855 3996 4313 4491 4526 4847 4919 5097 5167 5202 5381 5558 
Restricao 5905, 1 novos cliques
    Original (34): 321 394 430 608 1032 1139 1177 1354 1566 1636 1776 1952 2057 2127 2302 2478 2513 2759 3109 3320 3714 3751 3856 3997 4314 4492 4527 4848 4920 5098 5168 5203 5382 5559 
Restricao 5906, 1 novos cliques
    Original (34): 322 395 431 609 1033 1140 1178 1355 1567 1637 1777 1953 2058 2128 2303 2479 2514 2760 3110 3321 3715 3752 3857 3998 4315 4493 4528 4849 4921 5099 5169 5204 5383 5560 
Restricao 5907, 1 novos cliques
    Original (34): 323 396 432 610 1034 1141 1179 1356 1568 1638 1778 1954 2059 2129 2304 2480 2515 2761 3111 3322 3716 3753 3858 3999 4316 4494 4529 4850 4922 5100 5170 5205 5384 5561 
Restricao 5908, 1 novos cliques
    Original (34): 324 397 433 611 1035 1142 1180 1357 1569 1639 1779 1955 2060 2130 2305 2481 2516 2762 3112 3323 3717 3754 3859 4000 4317 4495 4530 4851 4923 5101 5171 5206 5385 5562 
Restricao 5909, 1 novos cliques
    Original (34): 325 398 434 612 1036 1143 1181 1358 1570 1640 1780 1956 2061 2131 2306 2482 2517 2763 3113 3324 3718 3755 3860 4001 4318 4496 4531 4852 4924 5102 5172 5207 5386 5563 
Restricao 5910, 1 novos cliques
    Original (34): 326 399 435 613 1037 1144 1182 1359 1571 1641 1781 1957 2062 2132 2307 2483 2518 2764 3114 3325 3719 3756 3861 4002 4319 4497 4532 4853 4925 5103 5173 5208 5387 5564 
Restricao 5911, 1 novos cliques
    Original (34): 327 400 436 614 1038 1145 1183 1360 1572 1642 1782 1958 2063 2133 2308 2484 2519 2765 3115 3326 3720 3757 3862 4003 4320 4498 4533 4854 4926 5104 5174 5209 5388 5565 
Restricao 5912, 1 novos cliques
    Original (34): 328 401 437 615 1039 1146 1184 1361 1573 1643 1783 1959 2064 2134 2309 2485 2520 2766 3116 3327 3721 3758 3863 4004 4321 4499 4534 4855 4927 5105 5175 5210 5389 5566 
Restricao 5913, 1 novos cliques
    Original (34): 329 402 438 616 1040 1147 1185 1362 1574 1644 1784 1960 2065 2135 2310 2486 2521 2767 3117 3328 3722 3759 3864 4005 4322 4500 4535 4856 4928 5106 5176 5211 5390 5567 
Restricao 5914, 1 novos cliques
    Original (34): 330 403 439 617 1041 1148 1186 1363 1575 1645 1785 1961 2066 2136 2311 2487 2522 2768 3118 3329 3723 3760 3865 4006 4323 4501 4536 4857 4929 5107 5177 5212 5391 5568 
Restricao 5915, 1 novos cliques
    Original (34): 331 404 440 618 1042 1149 1187 1364 1576 1646 1786 1962 2067 2137 2312 2488 2523 2769 3119 3330 3724 3761 3866 4007 4324 4502 4537 4858 4930 5108 5178 5213 5392 5569 
Restricao 5916, 1 novos cliques
    Original (34): 332 405 441 619 1043 1150 1188 1365 1577 1647 1787 1963 2068 2138 2313 2489 2524 2770 3120 3331 3725 3762 3867 4008 4325 4503 4538 4859 4931 5109 5179 5214 5393 5570 
Restricao 5917, 1 novos cliques
    Original (34): 333 406 442 620 1044 1151 1189 1366 1578 1648 1788 1964 2069 2139 2314 2490 2525 2771 3121 3332 3726 3763 3868 4009 4326 4504 4539 4860 4932 5110 5180 5215 5394 5571 
Restricao 5918, 1 novos cliques
    Original (34): 334 407 443 621 1045 1152 1190 1367 1579 1649 1789 1965 2070 2140 2315 2491 2526 2772 3122 3333 3727 3764 3869 4010 4327 4505 4540 4861 4933 5111 5181 5216 5395 5572 
Restricao 5919, 1 novos cliques
    Original (34): 335 408 444 622 1046 1153 1191 1368 1580 1650 1790 1966 2071 2141 2316 2492 2527 2773 3123 3334 3728 3765 3870 4011 4328 4506 4541 4862 4934 5112 5182 5217 5396 5573 
Restricao 5920, 1 novos cliques
    Original (34): 336 409 445 623 1047 1154 1192 1369 1581 1651 1791 1967 2072 2142 2317 2493 2528 2774 3124 3335 3729 3766 3871 4012 4329 4507 4542 4863 4935 5113 5183 5218 5397 5574 
Restricao 5921, 1 novos cliques
    Original (34): 337 410 446 624 1048 1155 1193 1370 1582 1652 1792 1968 2073 2143 2318 2494 2529 2775 3125 3336 3730 3767 3872 4013 4330 4508 4543 4864 4936 5114 5184 5219 5398 5575 
Restricao 5922, 1 novos cliques
    Original (34): 338 411 447 625 1049 1156 1194 1371 1583 1653 1793 1969 2074 2144 2319 2495 2530 2776 3126 3337 3731 3768 3873 4014 4331 4509 4544 4865 4937 5115 5185 5220 5399 5576 
Restricao 5923, 1 novos cliques
    Original (34): 339 412 448 626 1050 1157 1195 1372 1584 1654 1794 1970 2075 2145 2320 2496 2531 2777 3127 3338 3732 3769 3874 4015 4332 4510 4545 4866 4938 5116 5186 5221 5400 5577 
Restricao 5924, 1 novos cliques
    Original (34): 340 413 449 627 1051 1158 1196 1373 1585 1655 1795 1971 2076 2146 2321 2497 2532 2778 3128 3339 3733 3770 3875 4016 4333 4511 4546 4867 4939 5117 5187 5222 5401 5578 
Restricao 5925, 1 novos cliques
    Original (34): 341 414 450 628 1052 1159 1197 1374 1586 1656 1796 1972 2077 2147 2322 2498 2533 2779 3129 3340 3734 3771 3876 4017 4334 4512 4547 4868 4940 5118 5188 5223 5402 5579 
Restricao 5926, 1 novos cliques
    Original (34): 342 415 451 629 1053 1160 1198 1375 1587 1657 1797 1973 2078 2148 2323 2499 2534 2780 3130 3341 3735 3772 3877 4018 4335 4513 4548 4869 4941 5119 5189 5224 5403 5580 
Restricao 5927, 1 novos cliques
    Original (34): 343 416 452 630 1054 1161 1199 1376 1588 1658 1798 1974 2079 2149 2324 2500 2535 2781 3131 3342 3736 3773 3878 4019 4336 4514 4549 4870 4942 5120 5190 5225 5404 5581 
Restricao 5928, 1 novos cliques
    Original (34): 344 417 453 631 1055 1162 1200 1377 1589 1659 1799 1975 2080 2150 2325 2501 2536 2782 3132 3343 3737 3774 3879 4020 4337 4515 4550 4871 4943 5121 5191 5226 5405 5582 
Restricao 5929, 1 novos cliques
    Original (34): 345 418 454 632 1056 1163 1201 1378 1590 1660 1800 1976 2081 2151 2326 2502 2537 2783 3133 3344 3738 3775 3880 4021 4338 4516 4551 4872 4944 5122 5192 5227 5406 5583 
Restricao 5930, 1 novos cliques
    Original (34): 346 419 455 633 1057 1164 1202 1379 1591 1661 1801 1977 2082 2152 2327 2503 2538 2784 3134 3345 3739 3776 3881 4022 4339 4517 4552 4873 4945 5123 5193 5228 5407 5584 
Restricao 5931, 1 novos cliques
    Original (34): 347 420 456 634 1058 1165 1203 1380 1592 1662 1802 1978 2083 2153 2328 2504 2539 2785 3135 3346 3740 3777 3882 4023 4340 4518 4553 4874 4946 5124 5194 5229 5408 5585 
Restricao 5932, 1 novos cliques
    Original (34): 348 421 457 635 1059 1166 1204 1381 1593 1663 1803 1979 2084 2154 2329 2505 2540 2786 3136 3347 3741 3778 3883 4024 4341 4519 4554 4875 4947 5125 5195 5230 5409 5586 
Restricao 5933, 1 novos cliques
    Original (34): 349 422 458 636 1060 1167 1205 1382 1594 1664 1804 1980 2085 2155 2330 2506 2541 2787 3137 3348 3742 3779 3884 4025 4342 4520 4555 4876 4948 5126 5196 5231 5410 5587 
Restricao 5934, 1 novos cliques
    Original (34): 350 423 459 637 1061 1168 1206 1383 1595 1665 1805 1981 2086 2156 2331 2507 2542 2788 3138 3349 3743 3780 3885 4026 4343 4521 4556 4877 4949 5127 5197 5232 5411 5588 
Restricao 5935, 1 novos cliques
    Original (34): 351 424 460 638 1062 1169 1207 1384 1596 1666 1806 1982 2087 2157 2332 2508 2543 2789 3139 3350 3744 3781 3886 4027 4344 4522 4557 4878 4950 5128 5198 5233 5412 5589 
Restricao 5936, 1 novos cliques
    Original (34): 352 425 461 639 1063 1170 1208 1385 1597 1667 1807 1983 2088 2158 2333 2509 2544 2790 3140 3351 3745 3782 3887 4028 4345 4523 4558 4879 4951 5129 5199 5234 5413 5590 
Restricao 5937, 1 novos cliques
    Original (3): 353 462 4808 
Restricao 5938, 1 novos cliques
    Original (2): 426 4417 
Restricao 5939, 1 novos cliques
    Original (34): 427 499 534 712 784 1101 1136 1174 1563 1914 1949 2054 2439 2475 2510 2791 3036 3071 3353 3393 3711 3748 3959 4136 4241 4419 4595 4737 4917 4953 5023 5095 5130 5414 
Restricao 5940, 1 novos cliques
    Original (34): 428 500 535 713 785 1102 1137 1175 1564 1915 1950 2055 2440 2476 2511 2792 3037 3072 3354 3394 3712 3749 3960 4137 4242 4420 4596 4738 4918 4954 5024 5096 5131 5415 
Restricao 5941, 1 novos cliques
    Original (34): 429 501 536 714 786 1103 1138 1176 1565 1916 1951 2056 2441 2477 2512 2793 3038 3073 3355 3395 3713 3750 3961 4138 4243 4421 4597 4739 4919 4955 5025 5097 5132 5416 
Restricao 5942, 1 novos cliques
    Original (34): 430 502 537 715 787 1104 1139 1177 1566 1917 1952 2057 2442 2478 2513 2794 3039 3074 3356 3396 3714 3751 3962 4139 4244 4422 4598 4740 4920 4956 5026 5098 5133 5417 
Restricao 5943, 1 novos cliques
    Original (34): 431 503 538 716 788 1105 1140 1178 1567 1918 1953 2058 2443 2479 2514 2795 3040 3075 3357 3397 3715 3752 3963 4140 4245 4423 4599 4741 4921 4957 5027 5099 5134 5418 
Restricao 5944, 1 novos cliques
    Original (34): 432 504 539 717 789 1106 1141 1179 1568 1919 1954 2059 2444 2480 2515 2796 3041 3076 3358 3398 3716 3753 3964 4141 4246 4424 4600 4742 4922 4958 5028 5100 5135 5419 
Restricao 5945, 1 novos cliques
    Original (34): 433 505 540 718 790 1107 1142 1180 1569 1920 1955 2060 2445 2481 2516 2797 3042 3077 3359 3399 3717 3754 3965 4142 4247 4425 4601 4743 4923 4959 5029 5101 5136 5420 
Restricao 5946, 1 novos cliques
    Original (34): 434 506 541 719 791 1108 1143 1181 1570 1921 1956 2061 2446 2482 2517 2798 3043 3078 3360 3400 3718 3755 3966 4143 4248 4426 4602 4744 4924 4960 5030 5102 5137 5421 
Restricao 5947, 1 novos cliques
    Original (34): 435 507 542 720 792 1109 1144 1182 1571 1922 1957 2062 2447 2483 2518 2799 3044 3079 3361 3401 3719 3756 3967 4144 4249 4427 4603 4745 4925 4961 5031 5103 5138 5422 
Restricao 5948, 1 novos cliques
    Original (34): 436 508 543 721 793 1110 1145 1183 1572 1923 1958 2063 2448 2484 2519 2800 3045 3080 3362 3402 3720 3757 3968 4145 4250 4428 4604 4746 4926 4962 5032 5104 5139 5423 
Restricao 5949, 1 novos cliques
    Original (34): 437 509 544 722 794 1111 1146 1184 1573 1924 1959 2064 2449 2485 2520 2801 3046 3081 3363 3403 3721 3758 3969 4146 4251 4429 4605 4747 4927 4963 5033 5105 5140 5424 
Restricao 5950, 1 novos cliques
    Original (34): 438 510 545 723 795 1112 1147 1185 1574 1925 1960 2065 2450 2486 2521 2802 3047 3082 3364 3404 3722 3759 3970 4147 4252 4430 4606 4748 4928 4964 5034 5106 5141 5425 
Restricao 5951, 1 novos cliques
    Original (34): 439 511 546 724 796 1113 1148 1186 1575 1926 1961 2066 2451 2487 2522 2803 3048 3083 3365 3405 3723 3760 3971 4148 4253 4431 4607 4749 4929 4965 5035 5107 5142 5426 
Restricao 5952, 1 novos cliques
    Original (34): 440 512 547 725 797 1114 1149 1187 1576 1927 1962 2067 2452 2488 2523 2804 3049 3084 3366 3406 3724 3761 3972 4149 4254 4432 4608 4750 4930 4966 5036 5108 5143 5427 
Restricao 5953, 1 novos cliques
    Original (34): 441 513 548 726 798 1115 1150 1188 1577 1928 1963 2068 2453 2489 2524 2805 3050 3085 3367 3407 3725 3762 3973 4150 4255 4433 4609 4751 4931 4967 5037 5109 5144 5428 
Restricao 5954, 1 novos cliques
    Original (34): 442 514 549 727 799 1116 1151 1189 1578 1929 1964 2069 2454 2490 2525 2806 3051 3086 3368 3408 3726 3763 3974 4151 4256 4434 4610 4752 4932 4968 5038 5110 5145 5429 
Restricao 5955, 1 novos cliques
    Original (34): 443 515 550 728 800 1117 1152 1190 1579 1930 1965 2070 2455 2491 2526 2807 3052 3087 3369 3409 3727 3764 3975 4152 4257 4435 4611 4753 4933 4969 5039 5111 5146 5430 
Restricao 5956, 1 novos cliques
    Original (34): 444 516 551 729 801 1118 1153 1191 1580 1931 1966 2071 2456 2492 2527 2808 3053 3088 3370 3410 3728 3765 3976 4153 4258 4436 4612 4754 4934 4970 5040 5112 5147 5431 
Restricao 5957, 1 novos cliques
    Original (34): 445 517 552 730 802 1119 1154 1192 1581 1932 1967 2072 2457 2493 2528 2809 3054 3089 3371 3411 3729 3766 3977 4154 4259 4437 4613 4755 4935 4971 5041 5113 5148 5432 
Restricao 5958, 1 novos cliques
    Original (34): 446 518 553 731 803 1120 1155 1193 1582 1933 1968 2073 2458 2494 2529 2810 3055 3090 3372 3412 3730 3767 3978 4155 4260 4438 4614 4756 4936 4972 5042 5114 5149 5433 
Restricao 5959, 1 novos cliques
    Original (34): 447 519 554 732 804 1121 1156 1194 1583 1934 1969 2074 2459 2495 2530 2811 3056 3091 3373 3413 3731 3768 3979 4156 4261 4439 4615 4757 4937 4973 5043 5115 5150 5434 
Restricao 5960, 1 novos cliques
    Original (34): 448 520 555 733 805 1122 1157 1195 1584 1935 1970 2075 2460 2496 2531 2812 3057 3092 3374 3414 3732 3769 3980 4157 4262 4440 4616 4758 4938 4974 5044 5116 5151 5435 
Restricao 5961, 1 novos cliques
    Original (34): 449 521 556 734 806 1123 1158 1196 1585 1936 1971 2076 2461 2497 2532 2813 3058 3093 3375 3415 3733 3770 3981 4158 4263 4441 4617 4759 4939 4975 5045 5117 5152 5436 
Restricao 5962, 1 novos cliques
    Original (34): 450 522 557 735 807 1124 1159 1197 1586 1937 1972 2077 2462 2498 2533 2814 3059 3094 3376 3416 3734 3771 3982 4159 4264 4442 4618 4760 4940 4976 5046 5118 5153 5437 
Restricao 5963, 1 novos cliques
    Original (34): 451 523 558 736 808 1125 1160 1198 1587 1938 1973 2078 2463 2499 2534 2815 3060 3095 3377 3417 3735 3772 3983 4160 4265 4443 4619 4761 4941 4977 5047 5119 5154 5438 
Restricao 5964, 1 novos cliques
    Original (34): 452 524 559 737 809 1126 1161 1199 1588 1939 1974 2079 2464 2500 2535 2816 3061 3096 3378 3418 3736 3773 3984 4161 4266 4444 4620 4762 4942 4978 5048 5120 5155 5439 
Restricao 5965, 1 novos cliques
    Original (34): 453 525 560 738 810 1127 1162 1200 1589 1940 1975 2080 2465 2501 2536 2817 3062 3097 3379 3419 3737 3774 3985 4162 4267 4445 4621 4763 4943 4979 5049 5121 5156 5440 
Restricao 5966, 1 novos cliques
    Original (34): 454 526 561 739 811 1128 1163 1201 1590 1941 1976 2081 2466 2502 2537 2818 3063 3098 3380 3420 3738 3775 3986 4163 4268 4446 4622 4764 4944 4980 5050 5122 5157 5441 
Restricao 5967, 1 novos cliques
    Original (34): 455 527 562 740 812 1129 1164 1202 1591 1942 1977 2082 2467 2503 2538 2819 3064 3099 3381 3421 3739 3776 3987 4164 4269 4447 4623 4765 4945 4981 5051 5123 5158 5442 
Restricao 5968, 1 novos cliques
    Original (34): 456 528 563 741 813 1130 1165 1203 1592 1943 1978 2083 2468 2504 2539 2820 3065 3100 3382 3422 3740 3777 3988 4165 4270 4448 4624 4766 4946 4982 5052 5124 5159 5443 
Restricao 5969, 1 novos cliques
    Original (34): 457 529 564 742 814 1131 1166 1204 1593 1944 1979 2084 2469 2505 2540 2821 3066 3101 3383 3423 3741 3778 3989 4166 4271 4449 4625 4767 4947 4983 5053 5125 5160 5444 
Restricao 5970, 1 novos cliques
    Original (34): 458 530 565 743 815 1132 1167 1205 1594 1945 1980 2085 2470 2506 2541 2822 3067 3102 3384 3424 3742 3779 3990 4167 4272 4450 4626 4768 4948 4984 5054 5126 5161 5445 
Restricao 5971, 1 novos cliques
    Original (34): 459 531 566 744 816 1133 1168 1206 1595 1946 1981 2086 2471 2507 2542 2823 3068 3103 3385 3425 3743 3780 3991 4168 4273 4451 4627 4769 4949 4985 5055 5127 5162 5446 
Restricao 5972, 1 novos cliques
    Original (34): 460 532 567 745 817 1134 1169 1207 1596 1947 1982 2087 2472 2508 2543 2824 3069 3104 3386 3426 3744 3781 3992 4169 4274 4452 4628 4770 4950 4986 5056 5128 5163 5447 
Restricao 5973, 1 novos cliques
    Original (34): 461 533 568 746 818 1135 1170 1208 1597 1948 1983 2088 2473 2509 2544 2825 3070 3105 3387 3427 3745 3782 3993 4170 4275 4453 4629 4771 4951 4987 5057 5129 5164 5448 
Restricao 5974, 1 novos cliques
    Original (5): 604 1173 3747 4916 5094 
Restricao 5975, 1 novos cliques
    Original (6): 640 747 1386 1984 4454 5058 
Restricao 5976, 1 novos cliques
    Original (6): 641 748 1387 1985 4455 5059 
Restricao 5977, 1 novos cliques
    Original (6): 642 749 1388 1986 4456 5060 
Restricao 5978, 1 novos cliques
    Original (6): 643 750 1389 1987 4457 5061 
Restricao 5979, 1 novos cliques
    Original (6): 644 751 1390 1988 4458 5062 
Restricao 5980, 1 novos cliques
    Original (6): 645 752 1391 1989 4459 5063 
Restricao 5981, 1 novos cliques
    Original (6): 646 753 1392 1990 4460 5064 
Restricao 5982, 1 novos cliques
    Original (6): 647 754 1393 1991 4461 5065 
Restricao 5983, 1 novos cliques
    Original (6): 648 755 1394 1992 4462 5066 
Restricao 5984, 1 novos cliques
    Original (6): 649 756 1395 1993 4463 5067 
Restricao 5985, 1 novos cliques
    Original (6): 650 757 1396 1994 4464 5068 
Restricao 5986, 1 novos cliques
    Original (6): 651 758 1397 1995 4465 5069 
Restricao 5987, 1 novos cliques
    Original (6): 652 759 1398 1996 4466 5070 
Restricao 5988, 1 novos cliques
    Original (6): 653 760 1399 1997 4467 5071 
Restricao 5989, 1 novos cliques
    Original (6): 654 761 1400 1998 4468 5072 
Restricao 5990, 1 novos cliques
    Original (6): 655 762 1401 1999 4469 5073 
Restricao 5991, 1 novos cliques
    Original (6): 656 763 1402 2000 4470 5074 
Restricao 5992, 1 novos cliques
    Original (6): 657 764 1403 2001 4471 5075 
Restricao 5993, 1 novos cliques
    Original (6): 658 765 1404 2002 4472 5076 
Restricao 5994, 1 novos cliques
    Original (6): 659 766 1405 2003 4473 5077 
Restricao 5995, 1 novos cliques
    Original (6): 660 767 1406 2004 4474 5078 
Restricao 5996, 1 novos cliques
    Original (6): 661 768 1407 2005 4475 5079 
Restricao 5997, 1 novos cliques
    Original (6): 662 769 1408 2006 4476 5080 
Restricao 5998, 1 novos cliques
    Original (6): 663 770 1409 2007 4477 5081 
Restricao 5999, 1 novos cliques
    Original (6): 664 771 1410 2008 4478 5082 
Restricao 6000, 1 novos cliques
    Original (6): 665 772 1411 2009 4479 5083 
Restricao 6001, 1 novos cliques
    Original (6): 666 773 1412 2010 4480 5084 
Restricao 6002, 1 novos cliques
    Original (6): 667 774 1413 2011 4481 5085 
Restricao 6003, 1 novos cliques
    Original (6): 668 775 1414 2012 4482 5086 
Restricao 6004, 1 novos cliques
    Original (6): 669 776 1415 2013 4483 5087 
Restricao 6005, 1 novos cliques
    Original (6): 670 777 1416 2014 4484 5088 
Restricao 6006, 1 novos cliques
    Original (6): 671 778 1417 2015 4485 5089 
Restricao 6007, 1 novos cliques
    Original (6): 672 779 1418 2016 4486 5090 
Restricao 6008, 1 novos cliques
    Original (6): 673 780 1419 2017 4487 5091 
Restricao 6009, 1 novos cliques
    Original (6): 674 781 1420 2018 4488 5092 
Restricao 6010, 1 novos cliques
    Original (2): 675 1210 
Restricao 6011, 1 novos cliques
    Original (2): 711 782 
Restricao 6012, 1 novos cliques
    Original (2): 783 4915 
Restricao 6013, 1 novos cliques
    Original (5): 924 1421 1878 2826 3783 
Restricao 6014, 1 novos cliques
    Original (5): 925 1422 1879 2827 3784 
Restricao 6015, 1 novos cliques
    Original (5): 926 1423 1880 2828 3785 
Restricao 6016, 1 novos cliques
    Original (5): 927 1424 1881 2829 3786 
Restricao 6017, 1 novos cliques
    Original (5): 928 1425 1882 2830 3787 
Restricao 6018, 1 novos cliques
    Original (5): 929 1426 1883 2831 3788 
Restricao 6019, 1 novos cliques
    Original (5): 930 1427 1884 2832 3789 
Restricao 6020, 1 novos cliques
    Original (5): 931 1428 1885 2833 3790 
Restricao 6021, 1 novos cliques
    Original (5): 932 1429 1886 2834 3791 
Restricao 6022, 1 novos cliques
    Original (5): 933 1430 1887 2835 3792 
Restricao 6023, 1 novos cliques
    Original (5): 934 1431 1888 2836 3793 
Restricao 6024, 1 novos cliques
    Original (5): 935 1432 1889 2837 3794 
Restricao 6025, 1 novos cliques
    Original (5): 936 1433 1890 2838 3795 
Restricao 6026, 1 novos cliques
    Original (5): 937 1434 1891 2839 3796 
Restricao 6027, 1 novos cliques
    Original (5): 938 1435 1892 2840 3797 
Restricao 6028, 1 novos cliques
    Original (5): 939 1436 1893 2841 3798 
Restricao 6029, 1 novos cliques
    Original (5): 940 1437 1894 2842 3799 
Restricao 6030, 1 novos cliques
    Original (5): 941 1438 1895 2843 3800 
Restricao 6031, 1 novos cliques
    Original (5): 942 1439 1896 2844 3801 
Restricao 6032, 1 novos cliques
    Original (5): 943 1440 1897 2845 3802 
Restricao 6033, 1 novos cliques
    Original (5): 944 1441 1898 2846 3803 
Restricao 6034, 1 novos cliques
    Original (5): 945 1442 1899 2847 3804 
Restricao 6035, 1 novos cliques
    Original (5): 946 1443 1900 2848 3805 
Restricao 6036, 1 novos cliques
    Original (5): 947 1444 1901 2849 3806 
Restricao 6037, 1 novos cliques
    Original (5): 948 1445 1902 2850 3807 
Restricao 6038, 1 novos cliques
    Original (5): 949 1446 1903 2851 3808 
Restricao 6039, 1 novos cliques
    Original (5): 950 1447 1904 2852 3809 
Restricao 6040, 1 novos cliques
    Original (5): 951 1448 1905 2853 3810 
Restricao 6041, 1 novos cliques
    Original (5): 952 1449 1906 2854 3811 
Restricao 6042, 1 novos cliques
    Original (5): 953 1450 1907 2855 3812 
Restricao 6043, 1 novos cliques
    Original (5): 954 1451 1908 2856 3813 
Restricao 6044, 1 novos cliques
    Original (5): 955 1452 1909 2857 3814 
Restricao 6045, 1 novos cliques
    Original (5): 956 1453 1910 2858 3815 
Restricao 6046, 1 novos cliques
    Original (5): 957 1454 1911 2859 3816 
Restricao 6047, 1 novos cliques
    Original (5): 958 1455 1912 2860 3817 
Restricao 6048, 1 novos cliques
    Original (6): 1099 1173 3747 4418 4916 5094 
Restricao 6049, 1 novos cliques
    Original (2): 1100 3391 
Restricao 6050, 1 novos cliques
    Original (2): 1172 3388 
Restricao 6051, 1 novos cliques
    Original (3): 1209 1491 5342 
Restricao 6052, 1 novos cliques
    Original (5): 1386 1984 2089 4454 5058 
Restricao 6053, 1 novos cliques
    Original (5): 1387 1985 2090 4455 5059 
Restricao 6054, 1 novos cliques
    Original (5): 1388 1986 2091 4456 5060 
Restricao 6055, 1 novos cliques
    Original (5): 1389 1987 2092 4457 5061 
Restricao 6056, 1 novos cliques
    Original (5): 1390 1988 2093 4458 5062 
Restricao 6057, 1 novos cliques
    Original (5): 1391 1989 2094 4459 5063 
Restricao 6058, 1 novos cliques
    Original (5): 1392 1990 2095 4460 5064 
Restricao 6059, 1 novos cliques
    Original (5): 1393 1991 2096 4461 5065 
Restricao 6060, 1 novos cliques
    Original (5): 1394 1992 2097 4462 5066 
Restricao 6061, 1 novos cliques
    Original (5): 1395 1993 2098 4463 5067 
Restricao 6062, 1 novos cliques
    Original (5): 1396 1994 2099 4464 5068 
Restricao 6063, 1 novos cliques
    Original (5): 1397 1995 2100 4465 5069 
Restricao 6064, 1 novos cliques
    Original (5): 1398 1996 2101 4466 5070 
Restricao 6065, 1 novos cliques
    Original (5): 1399 1997 2102 4467 5071 
Restricao 6066, 1 novos cliques
    Original (5): 1400 1998 2103 4468 5072 
Restricao 6067, 1 novos cliques
    Original (5): 1401 1999 2104 4469 5073 
Restricao 6068, 1 novos cliques
    Original (5): 1402 2000 2105 4470 5074 
Restricao 6069, 1 novos cliques
    Original (5): 1403 2001 2106 4471 5075 
Restricao 6070, 1 novos cliques
    Original (5): 1404 2002 2107 4472 5076 
Restricao 6071, 1 novos cliques
    Original (5): 1405 2003 2108 4473 5077 
Restricao 6072, 1 novos cliques
    Original (5): 1406 2004 2109 4474 5078 
Restricao 6073, 1 novos cliques
    Original (5): 1407 2005 2110 4475 5079 
Restricao 6074, 1 novos cliques
    Original (5): 1408 2006 2111 4476 5080 
Restricao 6075, 1 novos cliques
    Original (5): 1409 2007 2112 4477 5081 
Restricao 6076, 1 novos cliques
    Original (5): 1410 2008 2113 4478 5082 
Restricao 6077, 1 novos cliques
    Original (5): 1411 2009 2114 4479 5083 
Restricao 6078, 1 novos cliques
    Original (5): 1412 2010 2115 4480 5084 
Restricao 6079, 1 novos cliques
    Original (5): 1413 2011 2116 4481 5085 
Restricao 6080, 1 novos cliques
    Original (5): 1414 2012 2117 4482 5086 
Restricao 6081, 1 novos cliques
    Original (5): 1415 2013 2118 4483 5087 
Restricao 6082, 1 novos cliques
    Original (5): 1416 2014 2119 4484 5088 
Restricao 6083, 1 novos cliques
    Original (5): 1417 2015 2120 4485 5089 
Restricao 6084, 1 novos cliques
    Original (5): 1418 2016 2121 4486 5090 
Restricao 6085, 1 novos cliques
    Original (5): 1419 2017 2122 4487 5091 
Restricao 6086, 1 novos cliques
    Original (5): 1420 2018 2123 4488 5092 
Restricao 6087, 1 novos cliques
    Original (3): 1421 2826 2966 
Restricao 6088, 1 novos cliques
    Original (3): 1422 2827 2967 
Restricao 6089, 1 novos cliques
    Original (3): 1423 2828 2968 
Restricao 6090, 1 novos cliques
    Original (3): 1424 2829 2969 
Restricao 6091, 1 novos cliques
    Original (3): 1425 2830 2970 
Restricao 6092, 1 novos cliques
    Original (3): 1426 2831 2971 
Restricao 6093, 1 novos cliques
    Original (3): 1427 2832 2972 
Restricao 6094, 1 novos cliques
    Original (3): 1428 2833 2973 
Restricao 6095, 1 novos cliques
    Original (3): 1429 2834 2974 
Restricao 6096, 1 novos cliques
    Original (3): 1430 2835 2975 
Restricao 6097, 1 novos cliques
    Original (3): 1431 2836 2976 
Restricao 6098, 1 novos cliques
    Original (3): 1432 2837 2977 
Restricao 6099, 1 novos cliques
    Original (3): 1433 2838 2978 
Restricao 6100, 1 novos cliques
    Original (3): 1434 2839 2979 
Restricao 6101, 1 novos cliques
    Original (3): 1435 2840 2980 
Restricao 6102, 1 novos cliques
    Original (3): 1436 2841 2981 
Restricao 6103, 1 novos cliques
    Original (3): 1437 2842 2982 
Restricao 6104, 1 novos cliques
    Original (3): 1438 2843 2983 
Restricao 6105, 1 novos cliques
    Original (3): 1439 2844 2984 
Restricao 6106, 1 novos cliques
    Original (3): 1440 2845 2985 
Restricao 6107, 1 novos cliques
    Original (3): 1441 2846 2986 
Restricao 6108, 1 novos cliques
    Original (3): 1442 2847 2987 
Restricao 6109, 1 novos cliques
    Original (3): 1443 2848 2988 
Restricao 6110, 1 novos cliques
    Original (3): 1444 2849 2989 
Restricao 6111, 1 novos cliques
    Original (3): 1445 2850 2990 
Restricao 6112, 1 novos cliques
    Original (3): 1446 2851 2991 
Restricao 6113, 1 novos cliques
    Original (3): 1447 2852 2992 
Restricao 6114, 1 novos cliques
    Original (3): 1448 2853 2993 
Restricao 6115, 1 novos cliques
    Original (3): 1449 2854 2994 
Restricao 6116, 1 novos cliques
    Original (3): 1450 2855 2995 
Restricao 6117, 1 novos cliques
    Original (3): 1451 2856 2996 
Restricao 6118, 1 novos cliques
    Original (3): 1452 2857 2997 
Restricao 6119, 1 novos cliques
    Original (3): 1453 2858 2998 
Restricao 6120, 1 novos cliques
    Original (3): 1454 2859 2999 
Restricao 6121, 1 novos cliques
    Original (3): 1455 2860 3000 
Restricao 6122, 1 novos cliques
    Original (2): 1492 5235 
Restricao 6123, 1 novos cliques
    Original (2): 1913 4952 
Restricao 6124, 1 novos cliques
    Original (2): 3001 4100 
Restricao 6125, 1 novos cliques
    Original (2): 3002 4101 
Restricao 6126, 1 novos cliques
    Original (2): 3003 4102 
Restricao 6127, 1 novos cliques
    Original (2): 3004 4103 
Restricao 6128, 1 novos cliques
    Original (2): 3005 4104 
Restricao 6129, 1 novos cliques
    Original (2): 3006 4105 
Restricao 6130, 1 novos cliques
    Original (2): 3007 4106 
Restricao 6131, 1 novos cliques
    Original (2): 3008 4107 
Restricao 6132, 1 novos cliques
    Original (2): 3009 4108 
Restricao 6133, 1 novos cliques
    Original (2): 3010 4109 
Restricao 6134, 1 novos cliques
    Original (2): 3011 4110 
Restricao 6135, 1 novos cliques
    Original (2): 3012 4111 
Restricao 6136, 1 novos cliques
    Original (2): 3013 4112 
Restricao 6137, 1 novos cliques
    Original (2): 3014 4113 
Restricao 6138, 1 novos cliques
    Original (2): 3015 4114 
Restricao 6139, 1 novos cliques
    Original (2): 3016 4115 
Restricao 6140, 1 novos cliques
    Original (2): 3017 4116 
Restricao 6141, 1 novos cliques
    Original (2): 3018 4117 
Restricao 6142, 1 novos cliques
    Original (2): 3019 4118 
Restricao 6143, 1 novos cliques
    Original (2): 3020 4119 
Restricao 6144, 1 novos cliques
    Original (2): 3021 4120 
Restricao 6145, 1 novos cliques
    Original (2): 3022 4121 
Restricao 6146, 1 novos cliques
    Original (2): 3023 4122 
Restricao 6147, 1 novos cliques
    Original (2): 3024 4123 
Restricao 6148, 1 novos cliques
    Original (2): 3025 4124 
Restricao 6149, 1 novos cliques
    Original (2): 3026 4125 
Restricao 6150, 1 novos cliques
    Original (2): 3027 4126 
Restricao 6151, 1 novos cliques
    Original (2): 3028 4127 
Restricao 6152, 1 novos cliques
    Original (2): 3029 4128 
Restricao 6153, 1 novos cliques
    Original (2): 3030 4129 
Restricao 6154, 1 novos cliques
    Original (2): 3031 4130 
Restricao 6155, 1 novos cliques
    Original (2): 3032 4131 
Restricao 6156, 1 novos cliques
    Original (2): 3033 4132 
Restricao 6157, 1 novos cliques
    Original (2): 3034 4133 
Restricao 6158, 1 novos cliques
    Original (2): 3035 4134 
Restricao 6159, 1 novos cliques
    Original (2): 3281 3352 
Restricao 6160, 1 novos cliques
    Original (2): 3281 5484 
Restricao 6161, 2 novos cliques
    Original (2): 3535 5236 
Restricao 6162, 2 novos cliques
    Original (2): 3746 5093 
Restricao 6163, 1 novos cliques
    Original (2): 3923 4630 
Restricao 6164, 1 novos cliques
    Original (3): 4631 4809 5235 
Restricao 6165, 1 novos cliques
    Original (2): 4915 5555 


Restricoes removidas:   0
Restricoes adicionadas: 0

Tempo execucao: 251.995ms(Total: 11516.6ms)
